text
"MARIA TEIVERLAURMina olen veel noor …MARIA TEIVERLAUR ( 1955 ) on meditsiinipsühholoog , Jämejala Psühhiaatriahaigla psühholoogia kabineti juhataja .
Viljandi Kultuurikolledzi õppejõud .
Pedagoogikakandidaat aastast 1992.
Teie käest küsitakse , kui vana Te olete .
Tundub , et sellele pärimisele on lihtne vastata .
Aga võta näpust … nüüdisaja teadus eristab hoopis mitut erinevat vanust , sealhulgas näiteks bioloogilist , sotsiaalset ja psühholoogilist .
Inimese subjektiivne suhtumine oma vanusesse on küllaltki erinev .
Mõnigi eakas inimene võib tunda end nooremana , teine vanemana kui elatud aastad näitavad .
Elus juhtub sageli , et inimene peab end nooremaks , kui ta tegelikult ( n.-ö. kronoloogiliselt ) o n .
Mõned aastad tagasi korraldati katse , milles osales 83 kõrgharidusega meest ja naist vanuses 21 - 44 aastat .
Nad pidid ette kujutama , et ei tea oma tõelist vanust , ning andma subjektiivse hinnangu selle kohta .
Tulemused näitasid , et ligi veerandil tegel ik ja subjektiivne vanus kattusid kas täiesti või piirdus erinevus aastaga .
Üle poole katsealustest pidas end nooremaks ja umbes viiendik tundis end vanemana , kui nad tegelikult olid .Nooruse saladusedSubjektiivne arvamus oma vanuse kohta on üsna oluline , sest enesetunnetusest selle kõige laiemas tähenduses sõltub ju inimese meeleolu ja käitumine .
Miks inimesed oma vanust erinevalt tunnetavad , on püütud seletada mitut moodi .
Teadlaste seas ühe levi nuima arvamuse järgi on igal isiksusel nn. aastate psühhofüsioloogilise aktiivsuse tsüklite “ loendaja ” , mille “ näitude ” alusel hinnataksegi oma psühholoogilist vanust .
Teine seletus opereerib saavutustega , eneseteostusega , mis on teatud eas inimestele ena masti omane .
Rõhutatakse , et kui inimese saavutused ületavad sotsiaalsed ootused , hakkab ta end tundma vanemana , kui ta tegelikult on .
Juhul , kui saavutused on väiksemad kui teatud vanuses temalt loodetakse , tunnetab isik end nooremana .
Katsed näitavad , e t näiteks vallalised tunnetavad end oluliselt nooremana kui abieluinimesed .
Inimesed , kes tunnetavad end tegelikust tunduvalt nooremana , on sageli vähem iseseisvad ja emotsionaalselt ebastabiilsemad .
Seega võib psühholoogilist vanust defineerida ka kui isiksuse psühholoogilise aja realiseerumise astet .
Või teisiti - psühholoogilise aja realiseerumist ehk täitumist teadvustab iga inimene oma “ hingelise ” vanusena , mida nimetataksegi isiksuse psühhol oogiliseks vanuseks .
Erinevalt kronoloogilisest ja bioloogilisest vanusest on psühholoogiline vanus pöörduv , s.t. et inimene võib muutuda järjest nooremaks .
See toimub enamasti n.-ö. psühholoogilise tuleviku suurenemise arvel : kui inimene loodab kaua elad a , siis ta vananeb “ aeglasemalt ” .
Mõtted , mis teevad vanemaks või nooremaksNagu teada , elavad paljud vanad inimesed oma mõtetega rohkem minevikus .
Sellega püüavad nad kompenseerida oma bioloogilist ja sotsiaalset vananemist .
Elades mineviku kujutlustes oma ilusate mälestuste keskel tunneb vana inimene end emotsionaalselt tea taval määral nooremana .
Täpsustuseks peab veel lisama , et see , kes elab mõtetega rohkem tulevikus , kui olevikus , tunnetab end vanemana , kui inimene , kes “ elab siin ja praegu ” .
Praktika näitab veel ka , et lootuse kaotanud inimese ja optimistlikult meelestatud inimese psühholoogilise mineviku ja tuleviku suhe ning psühholoogilise aja täitumus erinevad oluliselt .
Psühholoogiline vanus on seda suurem , mida vähem inimene loodab veel elada ja mida enam on realiseerunud tema psühholoogiline aeg .
Märkimist väärib fakt , et erinevates eluvaldkondades ( tööl , kodus , sõprade keskel jne . ) hindab inimene oma psühholoogilise aja täitumust erinevalt , seega on vastavalt tegutsemise sfäärile erinev ka tema psühholoogiline vanus .
Igal juhul on lootus ja h uvi oma tuleviku vastu isiksuse harmooniliseks psühholoogiliseks arenguks väga oluline .
Inimene , kellele tulevik ei tõota meeldivat tegevust ja eneseteostust , vananeb psühholoogiliselt enneaegselt .
LISA - Arvutage ise oma psühholoogiline vanus Kirjutage meile , mis tulemused saite !"
"Eesti lähemat minevikku mäletame kõik .
Üheselt ja täpselt on see siiski jäädvustatud paberil - dokumentides , lepingutes , kirjavahetustes , protokollides .
Kui hävivad paberid , kaob osa ajaloost …Et Eesti riigi lugu oleks kunagi taastatav , selle nimel tegutseb tänavu seitsmekümneviieseks saav Riigiarhiiv .
Eesti riiklikule arhiivindusele pandi alus 1920. aastate alguses , alustab oma juttu Riigiarhiivi teadusdirektor Tiit Arumäe .
Ühelt poolt oli varasemast ajast säilinud palju “ pabereid ” , mille hoidmine tuli korraldada riiklik ult , teisest küljest aga nägi riik , et ka tema ise hakkab “ tootma ” dokumente , mis tuleb kunagi arhiivi anda .
Vanemate dokumentide hoidmiseks loodi Tartusse Riigi Keskarhiiv , Riigiarhiiv asutati samal aastal , käskkiri selle kohta k annab kuupäeva 9. veebruar 1921.Toompea südamesRiigiarhiiv asutati eeskätt ja ainult riigiasutuste dokumentide kogumiseks ja hoidmiseks .
Et riigivõim asus siis ja asub ka praegu Tallinnas , sai arhiivigi asukohaks Tallinn .
Seda , kuidas riik oma arhiivindust hindas , iseloomustab kujuk alt asjaolu , et 1937 valmis Toompea lossis , riigivõimu keskuses , spetsiaalne arhiivihoone , millest enamus on Riigiarhiivi käsutuses siiani .
Oli arvestatud , et nendest ruumidest piisab mitmekümneks aastaks .
1940. aasta muutis olukorda ja arhiivindust tabas katastroof selleski mõttes , et kuna lõpetati Eesti Vabariigi riigiasutuste töö , lisandus arhiividesse tohutul hulgal dokumente .
Riigiarhiivi maja Toompeal sai ootamatult ruttu täis .
Riik ja ametnikud ei mõistaKui rääkida Eesti arhiivindusest täna ja tervikuna , siis tuleb tõdeda , et riiklikul tasemel ei ole arhiivindusel praegu isegi seaduslikku tuge , kehtiv valitsusseadus ei näe ette sellist valdkonda kui arhiivindus .
Arhiive juhib üks Riigikantselei osakond .
Õnneks on viga mõistetud ja hakatud ette valmistama arhiiviseadust , mis taastaks omaette , kogu ülejäänud riigielu läbiva arhiivisüsteemi .
Miks riik arhiividega ikkagi nii üleolevalt käitub ?
Põhjus peitub selles , et ei teata , mis tähtsus arhiivindusel ühiskonnas on .
Kunagi oli arhiiv nii oluline , et see ehitati “ riigi keskele ” , Toompeale , rõhutab Tiit Arumäe .
Tänapäeval ei ole Eestis veel mõistetud , et demokraatlik ühiskond baseerub dokumendile , paberile , et dokumendi säilitamine ja hoidmine on oluline riigi järjepidevuse seisukohalt .
Kui 1920. - 1930. aastate elu on praegu sageli võimalik detailselt jälgida , siis tulevikus jääb 1980. aastate lõpp ja 1990. aastate algus uurijatele küll mõistatuseks .
Arhiivis on väga lünklik materjal , mille alusel on raske mõista , mis toimus , rõhutab Aimar Altosaar .
Kui hinnata rahas ?
Väga raske on öelda , milline Riigiarhiivis säilitatav dokument on kõige tähtsam , kõige haruldasem .
Dokumendi väärtus sõltub suuresti kasutajast .
Ühe jaoks on väärtuslik Iseseisvusmanifest , teise jaoks esimese klaasi õpilaste nimekiri , kus on kirjas tema vanaisa .
Kui fantaseeriks ja kujutaks ette , et oleme oksjonil , näiteks Rios ?
Seal saaks kõige suuremat raha ehk mõne Hitleri allkirjaga pöördumise eest , sest see nimi on maailmakuulus , arvavad vestluskaaslased .
Tegelikult on arhivaali väärtust rahas pea võimatu väljendada , sest riigi omanduses olevaid dokumente ei müüda .
Ja arvatavasti ei annaks paljude paberite eest keegi sentigi .
Kuid näiteks Eesti riiklust puudutavad dokumendid on kahtlemata hin damatud .
Piisaks ühest halvast inimesestArhiivis säilitatav on väärtuslik .
Neid väärtusi tuleb kaitsta , kuid probleeme on klimaatilise turvamisega ning vahendeid nõuaks ka dokumentide kaitsmine pahatahtlike inimeste eest , aga rohkemaks pole praegu võ imalusi ( loe : raha ) .
Tuleb siiski loota , et kõigist raskustest hoolimata võimalikult palju Eesti ajalugu alles jääb !
Vahendas Kärt Jänes-KappRiigiarhiivis kuuldust pikemalt“ Horisondis ” nr. 3"
"VELJO SINIVEEKuumad uudisedTeateid olnust olevatele saab lugeda võrgu uudistegruppidest ( Newsgroups ) .
Nendega liitumise võimalus on olemas kõigis “ võrgutamise ” programmides .
Netscape'is ( versioon 2.0 ) kargab klahvile Newsgroups vajutamisel ekraanile aken teatega , millistesse rubriikidesse on võimalik end üles anda .
Klikkinud aknas olevale nupule Viewall newsgroups , loetakse pärast mõningast mõtlemist ja vintsi kõristamist ette kõik teid teenindavale serverile tuntud uudised .
Jutud on ilusasti teemade ja alamteemade kaupa ära jagatud .
Oma huvi mõne ala vastu saab üles näidata tema nimest vasakul olevasse ruutu ( hiirega ) risti tehes .
Valitud teemale vastavaid nupukesi võib lugeda ka ilma igasuguse registreerimiseta , klikkides lihtsalt artikli nime peal .
Sageli tasubki nii teha , sest huvitavate nimede all on palju igasugu tühja-tähja .
Näiteks grupis alt .destroy .
microsoft on terve hulk märkusi selle kohta , kui vilets Win95 ikka on ( see pole ju ammu uudis ! ) .
Nimekirja üle vaadanud , vajutage klahvile Subscribe to selected newsgroups .
Edaspidi teid enam kogu maailma kollase kirjandusega ei tülitata .
Kodu-uudiste ülevaate leiate aadressilt .
Samas serveris on viitasid ka muudele Eesti kohta infot pakkuvatele web'i lehekülgedele :1. füüsiliselt Soomes asuv eestimeelne ja - keelne server ;2.
CIA teateid meie kohta ( aastast 1994 ja varasemad );3.
USA riigidepartemangu hoiatused reisile minejatele ( ka Eesti kohta ! );4. sama asutuse ülevaade inimõiguste alasest seisust Eestis gopher : / / gopher .voa .
gov / 00 / pub / documents / human_rights_94 / estonia .html .
Eesti uudisteserverite loetelu on saadaval EENET'i leheküljel ( ) .
Eespool kirjeldatud gruppides ei ole tegelikult uudiseid sellisel kujul , nagu me oleme harjunud lehest lugema .
Newsgroup'id on rohkem võrgu kasutajate vestlusringid , kus räägitakse kõigest , mis keelel ja meelel .
Maailmauudiseid võib leida aadressilt :?Dcticker .html .
Lugeda saab nupukeensi poliitikast , ärist , spordist jne .
Enne Kanaari saartele puhkama minekut võiks vaadata ilmateadet ( samal aadressil , vajutada sõnale Weather ) .
Kogenud meteoroloog muidugi teiste kirjutatud ennustusi ei usu ja koostab oma .
Talle on abiks samast leitavad ja iga tunni tagant uuendatavad satelliidipildid .
Need leheküljed kuuluvad tegelikult CNNile ( ) .
Veel üks silma hakanud uudiseid pakkuv lehekülg asub Eestist umbes 80 km kaugusel , kuid on kättesaadav ka aadressil .
Võrgust satutakse millegi asjaliku peale tavaliselt juhuslikult ringi ekseldes .
Mis teha siis , kui pole aega sihitult ringi uidata ?
Vaatame ringi EestisOn olemas selline vahva koht , nagu .
Seal on kirjas kõik eesti www-serverid .
Uute serverite või teenuste jaoks on oma rubriik .
Nii võib leida ajalehti ( Sõnumileht , Kodukiri jne . ) , ajakirju , koole , jutukaid ( The Roadkill Café telnet : / / cache.uninet.ee : 5555 ) ja janu korral ka ühe hubase kõrtsi :Viimatinimetatud serveril on üks pisike puudus - hinnakirjades nimetatud jooke ei saa oma arvutisse download ' ida .
Ehk tulevikus …Uurida tasub ka valmimisel olevaid lehekülgi .
Näiteks tervitab teid vahvalt .
Arvuti ostmiseks firma valimisel aitab kindlasti byrosaurus ( ) .Nojah .
Me ju pidime midagi asjalikku otsima ja kiiresti kah veel .
Infot saab ilmselt raamatukogusid külastades .
Õnneks ei ole enam vaja tolmustes kartoteegikastides sobrada , sest moodsad raamatukogud on nüüd ka on-line .
Rahvusraamatukogu asub ( virtuaalsel ) aadressil : , kuid esialgu sealt peale fotode midagi ei leia .
Http : / / pakub infot nii Eesti kui ka Läti , Leedu ja Venemaa kohta .
Muu hulgas on olemas näiteks Eesti infoserverite klikitav kaart .
Tartu ülikooli raamatukogu annab oma kataloogid lahkesti võrguüldsuse käsutada ja kasutada .
Nende infoosakond pakub teavet ka teiste kogude ja andmebaaside kohta .
Teaduste Akadeemia fondid on samuti Neti soppidesse üle kolinud - .
Muu maailma raamatukogude nimekirju leiab mitmetest kohtadest , näiteks .
Järgnevalt toon ära paari on-line andmebaasi võrguaadressid :5.
Distance Education Database Inglismaa Open University's .
Kasutamine on hetkel tasuta , kuna asutuses ei suudeta hinnas kokkuleppele jõuda .
Aadress : telnet : / / acsvax.open.ac.uk ; kasutajanimi : ICDL ; account code : ESTONIA ; parool : aaa ) .6.
ECHO ehk siis European Commission Host Organization .
Tegemist on Euroopa Ühenduse infosüsteemide arengu soodustamiseks loodud organisatsiooniga .
Aadress : telnet : / / echo .
lu ; kood on XT89925D .7.
Information Market - Europe .
Annab infot Euroopast ja tema elektroonsest infoturust .
Aadress : .
Võrgust info leidmiseks on mõttekas kasutada otsinguroboteid .
Nad oskavad etteantud võtmesõnade järgi leida nii konkreetseid artikleid , andmebaase , raamatukogusid kui ka lihtsalt antud teemat puudutavaid jutukesi .
Roboteid mahub võrguavarustesse palju .
Seega , kui mõnel neist on klientide teenindamisest hing kinni jäänud või on ta liiga rumal , et osata meie probleemi lahendada , tuleb valida lihtsalt järgmine .
Iga nuhi sabas on kindlasti veel üks nuhk .
Nii on ka päringurobotite otsimiseks vahendeid :8.
CUSI ( ) firma Nexor programm , millel on palju “ tuttavaid ” võrguotsijaid ;9.
W3 Search Engines ( ) Genfi Ülikooli töö .
Omab suuri varusid , kuid teda täiendatakse siis kui viitsitakse .
Mõnele “ võrgutajale ” meeldib rohkem niisama ringi surfata .
Ka sellisel juhul on vaja mingitki punkti , kust rännakut alustada .
Proovige näiteks Mosaic'i “ kodust ” Kui liinid on punased , laseme neil jahtuda ja eelistame parem eestimaist Meediamaa väljaannet .
Mingi organisatsiooni kodulehekülje aadressi on võimalik ka “ klaviatuurist välja imeda ” , kui teatakse mõnda lihtsat reeglit .
Käsus kõige ette kirjutatav http : / / viitab hüperteksti kasutamisele .
Web'i lehtedes nii ongi .
Järgneb tavaliselt grupp www , mis näitab , et tegemist on World Wide Web formaadis leheküljega .
Edasi tuleb konkreetse asutuse või firma arvuti nimi ( näiteks Louvre , Philips , MTV3 ) .
Aadressi lõpetab maa tunnus ( Eesti puhul ee , Soomes fi , Prantsusmaal fr jne ) .
Soome televisiooni kanal MTV omab seega aadressi : .
Ameerikaga on natuke teine lugu .
Seal on mehed , kes kannavad Camel boots'e ja käivad omi radu .
Kuna USAd tunneb nende arvates kogu muu mmaailm , ei peeta vajalikuks maa koodi kasutamist .
Selle asemel on sümbolitegrupp , mis viitab antud asutuse liigile ( gov - valitsusasutus , com - firma , edu - ülikoolid või muud õppeasutused ) .
Sellel aadressil öeldakse Error 404 .
Milles asi ?
Paljud serverid jalutavad aeg-ajalt mööda võrguavarusi ringi , et endale soojemat pesa leida .
See , et tuttavalt aadressilt enam tuttavaid eest ei leia , on normaalne asi .
Nad on jälle kolinud !
Tavaliselt jätab serveri omanik vanale aadressile mõneks ajaks teate , kust teda nüüd leida võib .
Kui seda pole , kasutage “ aadressbürood ” ( ehk siis otsinguroboteid ) .
Nemad teavad küll .
Seekordse võrgutamise lõpuks pakuks miskit huvitavat laiast mailmast .
Nimelt võib iga kriminullide sõber nüüd tutvuda New Yorgi mafioosodega .
Toksige masinasse aadress ning teie ees avaneb värvikas ja põhjalik graafikutega varustatud ülevaade viiest oletatavast New Yorgi maffiabossist .
Raporti koostaja mister Alan Munn ( huvitav , kas ta on veel elus ? ) toetub põhiliselt kohtuaruannetele ja ajakirjanduse materjalidele Muu hulgas saame teada ka Genfi maffiaperekonna oletatava bossi Vincent “ The Chin ” Gigante New Yorgi kodule lähima metroojaama nime .
Selliste asjade teadmine võib mõjuda halvasti teie tervisele , kuid huvitav koht on too web'i leht kindlasti .
Kui automaatidega varustatud mehed juba uksele koputavad , tasub proovida aadressi , kus Nashville'i politsei leitnant Ken Pence jagab oma laialdasi teadmisi .
Muu hulgas on seal terve enesekaitse lehekülg .
Samas serveris on ka kuulus test , määramaks , kui tõenäoliselt te kuriteo ohvriks langete .
Tuleb vaid vastata mõnedele küsimustele ja vajutada Submit klahvile ning tulemus ongi välja raalitud …Järgmine kord tegeleme rahulikumate asjadega , näiteks kuulame muusikat .
Senikaua otsige endale mõni soundikaart .
Head võrgutamist !
VELJO SINIVEE ( 1964 ) on Tallinna Tehnikaülikooli füüsika instituudi elektroonikainsener( e-post : felc@ce.ttu.ee ) ."
"Mis saab Eesti teadusest ?
Kui kindlalt võib end tunda Eesti teadus ja teadlaskond ?
Need küsimused südamel , pöördusin haridusministri prof .
Jaak Aaviksoo poole .
Töötasite pikki aastaid Tartus Füüsika Instituudis , olete teaduste doktor , Eesti TA akadeemik .
Millal viimati ise laboris eksperimenteerisite ?
Laboris olin viimati eelmisel nädalal ja see asub endiselt Füüsika Instituudis .
Nii on see olnud 1992. aastast , mil mind valiti Tartu Ülikooli professoriks , kuigi eelkõige tuli mul asuda ülikooli prorektori kohuseid täitma .
Olen praegugi veel Tartu Ülikooli eksperimentaalfüüsika instituudi juhataja kohustes .
Sellele ametipostile asunud , alustasin ülikooli füüsikaosakonna teadussuundade põhjalikku moderniseerimist .
Et töö sai ette võetud hulk aega varem , kui mulle ministri tooli pakuti , siis pean enda algatatud tegevuse niisugusele tasemele viima , et võiksin oma kohustused südamerahuga teistele üle anda .
Mu enda teadustöö baas asub aga jätkuvalt Füüsika Instituudi ruumides , mis kõneleb ka ülikooli ja akadeemilise teadusasutuse heast koostööst .
Et teadustöö päris unarusse ei jääks , olen püüdnud ühe päeva nädalas füüsikale pühendada .
Veidi nõu tuleb anda ka doktorandile Indrek Reimanile , kes peagi valmistub oma doktoriväitekirja kaitsma .
Eesti Haridusministeerium on nüüd katuseks Eesti Teaduste Akadeemia endistele uurimisasutustele .
Kas see katus on ka vettpidav ?
Tõepoolest , täna on ministeerium katuseks enamikule instituutidest , ehkki mitte kõigile .
Tulevikus oleks mõeldav , et mõni endine akadeemia asutus oleks majandus- , põllumajandus- või keskkonnaministeeriumi halduses .
Teatud mõttes on need asutused jäänud küll ka vihma kätte , kuigi formaalne vihmavari on pea kohal .
Näiteks ei suuda haridusministeerium täita seda rolli , mis varem Teaduste Akadeemia , sest puudub tavaline akadeemiline pädevus .
Tuleviku jaoks oleks vaja leida niisugune lahendus , mis sellegi probleemi lahendaks - selleks tuleb parandada teaduskorralduse seadust .
Praegu on seal mitmeid vasturääkivaid norme , mis on tekitanud kahetsusväärse segaduse .
Kuidas kooskõlastada teadusalast koostööd kõrgkoolide ja uurimisinstituutide vahel ?
Usun , et lähemas tulevikus polegi seda vaja administratiivselt koordineerida , kuna akadeemilised teadusasutused töötavadki ülikoolide juures .Enamuses .
Üks osa neist võib jääda kohalike omavalitsuste rüppe , nagu seda on Tallinna linnale praegu botaanikaaed , teised oleksid riiklikud teadusasutused , mis kuuluksid ministeeriumidele ja kus toimuks eelkõige riiklike arendusülesannete täitmine .
Need oleksid enamasti rakendusliku suunitlusega asutused , mis tegeleksid pikemaajaliste prognooside ja strateegiatega .
Ettevalmistamisel on Teaduste Akadeemia seadus , kus oleks võimalik sätestada ka Teaduste Akadeemia asutuste olemasolu .
Seetõttu pole välistatud , et mõned teaduasutused hakkavad edaspidi kuuluma taas Teaduste Akadeemiale .
Tartu Observatoorium näiteks .
Teadlased kurdavad üsna sageli , et nemad on kuidagi valitsuse tähelepanust kõrvale jäänud või vähemalt see tähelepanu pole olnud küllaldane .
Mida sellest arvate ?
Eks sel kurtmisel ole oma tõepõhi all .
Õnneks täna tundub , et Eesti riigis kasvab siiski tunnetatud vajadus teaduslike teadmiste järel .
Nii ministeeriumide kui ka valitsuse tasemel on ilmnenud ikka ja jälle , et otsuste tegemiseks oma teadmistest napib .
Ja kui kasvab vajadus teadmiste järele , küll siis sünnib riiklik tellimus ning leitakse ka raha tellimuse täitmiseks .
Praegu kulub rahvuslikust koguproduktist teadusele 0,36 protsenti .
Seda on väga vähe .
See protsent võiks läheneda ühele , millele lisanduks veel üks protsent erasektori investeeringutest .
Mõnel alal võib varsti juba hilja olla riikliku tellimusega teadlaste poole pöörduda ?
Kohalikud ajud on juba maailma rändama läinud ?
Jah , ka nii võib mõnes valdkonnas juhtuda .
Siiski ei ületähtsusta ma tippteadlaste lahkumist Eestist .
Tõsi , viimase viie aasta jooksul on teadlaste arv meil vähenenud viiendiku võrra , ometi on teadlaste avaldatud artiklite arv tublisti kasvanud .
Valdav enamus tunnustatud tippteadlastest töötab Eestis edasi .
Palju rohkem tekitab mulle muret hoopis noorte vähene juurdetulek teadusse .
Esiteks kipuvad Läände õppima läinud noored meile kaduma minema , sest neil pole kuhugi tagasi tulla .
Ja teiseks , doktorantuuri ei astu alati kõige andekamad noored .
Arvatavasti ei väärtusta siis noored õigesti teadust ja teaduslikku tegevust .
Tõepoolest , teadus iseenesest ei ole noorte hulgas praegu populaarne .
Ülikooligi ei minda sageli teadmisi saama , vaid taotlema kitsast ja kasulikku kutseharidust .
Samasugused nähtused on üleminekuaegadel ette tulnud ka teistes riikides , näiteks pärast sõda Soomes .
Ümberkorraldustega ühiskonnas tekib palju uusi , sealhulgas küllalt atraktiivseid töökohti , mis nõuavad eelkõige uusi oskusi .
Ja nende kohtade täitmisel on noor endast vanema inimese ees eelistatud olukorras , sest viimane enam uusi oskusi nii kergesti ei omanda .
Kahjuks kipub see tänane noorte põlvkond “ kadunud ” põlvkonnaks kujunema , sest nendest , sageli formaalselt lõpetamata teadmistest , millega praegused 20-25aastased noored edukalt uutele töökohtadele asuvad , jääb kümne aasta pärast väheseks .
Siis tahavad firmade omanikud neid täies elujõus noori juba välja vahetada .
Kelle vastu ?
Neist 5 … 6 aastat nooremate , kuid juba korraliku hariduse saanud noormeeste-neidude vastu , kel seljataga kas magistriõpe või doktorantuur ning kes on paar aastat töötanud ka välismaal .
Neil on eelkäijatega võrreldes laiem haare , nad on paindlikumad ja tunduvalt perspektiivikamad .
Välismaa pankades ja nimekates firmades ei ole osakonnajuhatajatena tööl ühtegi pooliku haridusega inimest .
See on paratamatu , et praegused vajaliku hariduseta 25aastased osakonnajuhatajad on 5 … 10 aasta pärast oma praegusest leivast ilma .
Kui ma sellest räägin teise-kolmanda kursuse üliõpilastele , siis nad ei usu seda .
Nad jätavad ülikooli pooleli lihtsalt sellepärast , et lähevad tööle , kus teenivad küll paar-kolm korda rohkem kui neile loenguid pidavad professorid ning elavad hetkel sissetulekute poolest keskmisest tunduvalt paremini , kuid ei anna endale aru , mis nendega võib lähitulevikus juhtuda .
Meile kui teadlastele teeb muret seegi , et nii on kadumas ka teadustöö tegemise kultuur ja selleks vajalik atmosfäär .
Võib-olla on häda ka selles , et teadlasi ei peetagi ühiskonnas eesti kultuuri kandjaiks võrdväärselt muu loomingulise intelligentsiga ?
Mis saab siis niiviisi veel fundamentaaluuringutest ?
Alati leidub selliseid noori , kellele teaduses on oma võlu ja kes oma eesmärkide elluviimisel ei sea esikohale palka ja hetkekonjunktuuri .
Vähemalt esialgu võib nende peale loota , kuigi neid ei ole palju .
Teisalt , meil on ju aastakümnetega välja arendatud mitmetel aladel rahvusvaheliselt arvestatavad teadussuunad .
Kahjuks ei suuda Eesti riik neid kõiki praeguses mahus säilitada .
Ääretult rumal oleks aga hoolimatult kaotada see inimpotentsiaal ja need rahvusvaheliselt tunnustatud koolkonnad , mis meil on .
Üks sobivamaid võimalusi on suunata tugevad teadlased tarvilikele aladele , kus nende kogemusi ja teadmisi tulemuslikult kasutada saab .
See tähendab , et meil on hulk teadlasi , kes praegusel hetkel ei leia õiget rakendust ?
Just nimelt .
Paljud neist oleksid valmis ja võimelised teenima teistsuguseid eesmärke , kui seni .
Eesti riigile on hetkel oluline näiteks Sillamäe tehase tehnoloogia .
Sellele alale sobiksid inimesed , kes on saanud oma teadmised ja oskused mingil fundamentaalalal , on kursis värske erialakirjanduse ja tehnoloogia uudsete suundadega ning võimelised mõistliku ümberõppimise järel tehasega seotud probleeme analüüsima .
See on igal juhul operatiivsem ja odavam , kui koolitada päris uusi inimesi või palgata Lääne konsultante .
Muidugi tuleb neile ümberasumiseks luua motivatsioon .
Teame , et sageli kutsutakse meile väliseksperte , kellele makstakse sada korda enam kui oma inimestele .
Miks siis Eesti teadlastele ei võiks viis korda rohkem palka maksta , kui see samm on meile sedavõrd tähtis .
Kas võib loota , et Eesti praeguses valitsuses hoobade juures olevad inimesed hakkavad ka teadust vajalikul määral väärtustama ?
Ma kaldun arvama , et olenemata sellest , kes valitsuse toolidel on istunud või istuvad , sõltub teaduse väärtustamine neist tunduvalt vähem , kui ühiskonnas tervikuna hetkel valitsevatest arusaamadest .
Näiteks ka astroloogia ja astronoomia vaheline tasakaal peegeldab just tänast ühiskonda , mitte halbu ministreid või teadlasi .
Ma ei taha astroloogiat ära kaotada .
Aga nimetatud kahe suuna vaheline tasakaalupunkt on ilmselt paigast ära ning ei asu seal , kus arenenud riikides .
Aga et see kord õigesse paika nihkuks , selleks ongi vaja inimestele rohkem teadmisi anda .
Ilmselt saa ( ksid ) vad siin palju ära teha teadusi-teadmisi populariseerivad väljaanded ja meediakanalid , aga ka teadusleheküljed ajalehtedes , mis vahepeal täiesti kadunud olid ning nüüd siiski hakkavad mõnede ärksamate ajakirjanike olemasolu tõttu pisitasa tagasi tulema .
Vahest peaks riik kindlustama ka teadlastele koha , kus nad saaksid oma tõekspidamisi avaldada ja oma tegudest rahvale kirjutada-rääkida ?
Tõepoolest , Eesti avalik arvamus ei väärtusta teadust sel moel , kui ta seda võiks teha , veelgi enam niiviisi , nagu seda tehakse teistes riikides .
Arvan , et kui küsida tavakodanikult , mida on vaja , et Eesti riik jääks püsima , siis peetakse oluliseks eeltingimuseks keelt , võib-olla ka talukultuuri , muusikat , majandust , julgeolekut ja mida iganes .
Märksõna “ teadus ” peale vaevalt mõni tuleb .
Millest on see tingitud ?
Põhjusi on mitmeid .
Üks on objektiivne - viimaste aastakümnete jooksul pole olnud paljude probleemide jaoks vaja suuri tarkusi , vaid lihtsat ja tervet “ talupojamõistust ” .
Tuli ausalt otsustada ja seda sai teha ka teaduseta .
Mis meediasse puutub , siis viimastel aastatel on ilmselt domineerinud lihtne soov kommertslikult ellu jääda .
Näiteks vaadates ajalehtede esilehekülgede stiili , tooni , artikleid , mida seal müüakse , siis pilt on üsna kurb , kaugel sellest , mida ma julgeksin tahta soliidsest ajakirjandusest .
Enamasti hakkab silma sensatsiooniline uudis , lihtsakoelistele asjadele teadlikult sissepumbatud intriig jne .
Loodame , et koos lugejaga kasvab ka ajakirjandus , paraneb ajakirjanike kutseoskus ning kindlasti nende sügavad tõekspidamised .
Usun ka , et Haridusministeerium ei luba olukorda , kus loodusteadused ja teadused kaoksid ära ajakirjanduspildist täiesti omaette väljaannete näol .
Millised on need objektiivsed näitajad , mille järgi hinnatakse teaduspotentsiaali Eestis ja milliseid teaduspoliitilisi otsuseid peetakse mõistlikeks ?
Teaduse puhul on oluline teadustöö kvaliteet , küsitava kvaliteediga teadustööl pole üldse õigustust , ka siis , kui selle teema või eriala vajalik on .
Sest vale või ebaadekvaatne teadmine ei saa põhimõtteliselt kasulik olla .
Kasulik saab olla teadmine , mis on kindlaks tehtud , läbi kontrollitud ja põhineb metodoloogial ja arusaamisel , milles ei teki mingit kahtlust .
Seetõttu on meil vaja kõrvaldada mitteteadus teadusest ja toetada seda , mis on hea .
See on üks teaduspoliitiline põhimõte , millest mina tahaksin juhinduda nii palju kui võimalik .
Teiseks , teadlastele peaks olema omane ümberõppimine ja uue tunnetamine .
Nad ei tohiks eluaeg uurida üht ja sama asja , alates üliõpilaspäevist kuni pensionini .
Ühe teema peale maksimaalselt viis aastat , ja siis uue asja juurde !
Seejuures käiks suunamine ka riiklikest eelistustest lähtudes .
Kolmandaks , teaduse ja kõrghariduse integreerumine pole ainult seepärast vajalik , et ülikoolis töötaksid parimad teadlased ja meil oleksid võimekad õppejõud , vaid eelkõige seetõttu , et suure osa teadusest teevad alati ja igal pool ära doktorandid ja üliõpilased .
Milliseid muudatusi oma ministriks oleku ajal kavatsete Eesti teaduse turgutamiseks lähemal ajal läbi viia ?
Tasapisi sooviks kasvatada teaduse finantseerimise osakaalu riigi eelarves eelkõige konkurentsivõimelistes rakendussuundades , mis on meile tarvilikud ja kus meil on öelda oma sõna mitte ainult Eestis , vaid ka välismaal .
Riigil peab olema niipalju tarkust , et need plaanid toetust leiaksid .
Juba käesoleval aastal loodan , et Kirde-Eestiga seotud tehnoloogiatega ja tema sotsiaalmajandusliku integratsiooniga ning Eesti rahvastiku ja rahva tervisega hakkavad tegelema Eesti tippteadlased .
Tõsi , teadlasi ei saa sundida , kuid tuleb väga selgelt välja öelda , et riik peab nende küsimuste lahendamist ülioluliseks ning leiab oma nappidest vahenditest selleks ka raha .
Ja teadlastel jääb siis otsustada , kas nad tegelevad edasi oma lemmikteemaga seniste nappide vahendite ulatuses või nad eelistavad paremaid uurimistingimusi , et kaasata sellesse tegevusse võimalikult palju ka magistrante ja doktorante .
Kui vajalik tunnetuslik moment on nendel probleemidel sees , siis teadlane hakkab sellega tegelema , ainult raha pärast mitte .
Selle piiri tunnetamine jääb ministeeriumi ja tema ametnike ülesandeks , ja kui nad saavad sellega hakkama , suudavad Eesti teadlasedki täita neile pandud lootusi .
Usutles REIN VESKIMÄE"
"TÕNU TUVIKENEUNO VEISMANNMeie poolt luubi alla võetud perioodist 1994 - 1995 jääb veidikene varasemasse aega üks tähtsündmusi , mida ei saa samuti siinkohal kuidagi kajastamata jätta .
Nimelt lähenes 1993. aasta 12. detsembril startinud Endeavour orbiidil tiirelnud Hubble'i kosmoseteleskoobile HST ja ülejärgmisel päeval tõmbas selle manipulaarhaaratsiga oma lastiruumi .
5. detsembril väljusid aga Story Musgrave ja Jeffrey Hoffman avakosmosesse ning remontisid HST-d ligi kaheksa tundi .
Seejärel töötasid avakosmoses veel Kathry n Thornton ja Thomas Akers .
Remondi käigus korrigeeriti kosmoseteleskoobi vigast optikasüsteemi kontaktläätse paigaldamisega , kinnitati uus päikesepatarei , parandati güroskoope , arvutisse lisati koprotsessor .
Nagu näitasid juba sama aasta detsembris saadu d uued pildid , läks Hubble'i teleskoobi parandamine korda .
Tõsi , remont oli NASA andmetel aukartustäratavalt kallis - ligi 700 miljonit dollarit .
Planeetidevahelised automaatjaamad Ameerika automaatjaam Clementine oli mõeldud Kuu ja väikeplaneet Geographose uurimiseks .
Pärast väljasaatmist 25. jaanuaril 1994 kaardistas ta põhjalikult mitmes spektripiirkonnas Kuud .
Mai algul suunati Clementine orbiidile Geographose suunas , kuid a rvutirikke tõttu kulutas ta kogu kütuse , ning polnud enam võimeline oma ülesannet täitma .
Selle automaatjaama puhul on huvitav , et peale NASA osales ka “ Tähesõdade ” ettevalmistamiseks loodud ametkond .
12. oktoobril 1994 lõpetas lennujuhtide korraldusel Veenuse atmosfääris oma eksistentsi selle planeedi pinna radarkaardistamiseks mõeldud USA automaatjaam Magellan .
Ta oli startinud kosmosesüstiku Atlantis pardalt 5. mail 1989 ja jõudis kaardistada 98 protsenti Veenuse pinnast .
6. oktoobril 1990 väljasaadetud Euroopa Kosmoseagentuuri ( ESA ) automaatjaam Ulysses ( Odüsseus ) tegi ka midagi , mida polnud varem tehtud - lendas üle Päikese lõuna- ja põhjapooluse .
Kõige huvitavam on kahtlemata USA automaatjaama Galileo ülesanne .
7. detsembril 1995 sisenes temast juba juulis eraldunud sond Jupiteri atmosfääri , kust andis infot kuni atmosfäärirõhk temast jagu sai .
Automaatjaam ise hakkab aga tiirutama selle Päike sesüsteemi suurima planeedi ümber .
Veel enne Jupiteri juurde jõudmist on ta möödunud asteroididest Gaspra ( 29.10.1991 ) ja Ida ( 28.08.1993 ) ning edastanud nendest fotod .
Need olid üldse esimesed lähenemised asteroididele .
18. oktoobril 1989 kosmosesüstiku pardalt startinud Galileol on o lnud oma pikal teel mitmeid probleeme , neist tõsiseim - avanemisel takerdunud paraboolantenn .
Seetõttu on andmete edastamise kiirus väike ja seatud eesmärke saab täita vaid 70 protsendi ulatuses .
Fookuses maapind 21. aprillil 1995 saatis ESA orbiidile uue maapinna kaugsondeerimise satelliidi ERA-2 .
Kuigi ka neli aastat vana ERS-1 oli veel töökorras .
ERS-1 on tootnud enam kui miljon pilti 100x100 km , lahutusvõimega 30x30 m .
ERS-2 sondeerib maapinda raadiolainet ega aktiivselt , sest tema raadiolokaator kiirgab lühikesi impulsse ning registreerib nende peegeldusi maapinnalt .
Lahutusvõime on nii hea , et moodustuvad maapinna ( raadio ) pildid , nende saamist ei takista ka pilved .
Altimeetriga mõõdetakse ookeani pinna ta set mõnesentimeetrise täpsusega .
Piltide vahendamise keskusel on juba 15 000 tellijat kõigist maailma paikadest .
ERS-2 kannab ka osoonikihi monitooringu seadet GOME .
Ümber maakera on kujunenud kolm tehisobjektide rõngast : kõrgustel 875 , 1500 ja 3600 km .
Kokku tiirleb neil praegu 60 tuhat 1 … 10 cm mõõtmetega ja kaheksa tuhat üle 10 cm suurust objekti .
USA kosmilise ruumi jälgimisteenistus suudab viimastest enamikk u pidevalt jälgida , alates 1957. aastast on jälgitavaid objekte olnud umbes 25 000 .
Karta võib , et umbes 30 aasta pärast tiirleb ümber Maa kuni 30 miljonit eset .
Kasulikud tehiskaaslased hakkavad siis nendega katastroofiliselt põrkuma üks kord iga nelja a asta kohta .
1994 langetati USAs surmaotsus orbitaaljaamale Freedom .
Selle asemel orienteerus NASA koos AKAga ( Venemaa Kosmoseagentuur ) ühisprojektile Alpha , mille ettevalmistamise käigus külastavad USA astronaudid aastail 1995 - 1997 kümnel korral Venemaa orbitaalj aama Mir .
1997 - 2000 aga tehakse koos 31 starti Alpha monteerimisks .
Üks suurim kannataja Freedomi äralangemisel on ESA , kellel luhtuvad mitte ainult Freedom'ile kavandatud projektid ( Spacelab , Columbus ) , vaid ei jätku ka ruumi järgmistel süstikutel .
Oma v anuse tõttu on Mir küll juba üsna kahtlustäratav : täheldatakse suuri temperatuurikõikumisi siseruumis ja tundmatu päritoluga vibratsioone .
UNO VEISMANN ( 1934 ) on Tartu Observatooriumi peateadur ja Tartu Ülikooli keskkonnafüüsika instituudi dotsent .
TÕNU TUVIKENE ( 1952 ) on Tartu Observatooriumi insener ."
"REINO OHLAUMikroprotsessorid ja digitaaltehnika on vaikselt jõudnud pea igasse kodusse .
Nüüdisaegses olmeelektroonikas kasutatakse heli ja pildi töötlemisel üha sagedamini digitaaltehnikat .
Viimase areng on kaasa toonud pildi- ja eriti helikvaliteedi olulise paranemise koduses audio- ja videoaparatuuris ning loonud võimalused pakkuda teenuseid , mida analoogajastul võis lugeda ulmeromaanidest .
Numbriline signaaliedastus ja - töötlus on kodusesse telerissegi toonud NICAM-digitaalhääle , teleteksti ning mitmeid pildiefekte alates 100-hertsisest pildilaotusest , stoppkaadrist ja pilt-pildis funktsioonidest , kuni võimalusteni , mida ka nõudliku tarbija rahakott enam välja ei kannataks .
Esimese täisdigitaalse teenusena jõudis teleri vahendusel kodudesse teletekst .
See on ühesuunaline infoedastussüsteem , mis võimaldab tavalisel telekanalil lisaks pildile ja helile üle kanda teksti ja lihtsamat graafikat .
Vastu võtta suudavad seda eranditult kõik telerid .
Teleteksti saab vaadata ainult teleritega , millel on teleteksti lisaplokk ehk dekooder .
Tavalist telepildi vastuvõttu teletekst ei häiri , kuna seda saadetakse sel ajal , mil parasjagu pilti ei edastata .
Euroopas kasutusel olevas televisioonistandardis laotatakse pilti teleri ekraanile 25 korda sekundis .
Pildi moodustab muutuva intensiivsusega elektronkiir , mis 1 / 25 sekundi jooksul teleri ekraanil 625 korda vasakust äärest paremasse äärde kallutatakse .
Pilt laotatakse ekraanile kahe poolkaadri kaupa , rida rea järel ülevalt alla .
Elektronkiire jõudmisel ekraani alla paremasse nurka , suunatakse see taas üles vasakusse nurka järgmist poolkaadrit moodustama .
Esimeses poolkaadris laotatakse ekraanile pildi paaritud read ja teises poolkaadris pildi paarisread .
Teleri ekraanil tohib elektronkiire tee näha olla ainult liikumisel rida-realt ülevalt alla ( vasakult paremale ) .
Tagasiliikumise ajaks tuleb elektronkiir kustutada , kuna vastasel korral oleks näha kiire tee alt üles ehk diagonaalsed triibud ekraanil .
( Rikkis teleri puhul võivad need tõepoolest ka näha olla . )Aega , mille jooksul elektronkiir alt paremast nurgast üles vasakusse nurka jõuab , nimetatakse kiire tagasikäigu ajaks .
See protsess vältab ligikaudu 1,4 millisekundit ja pildi jaoks peale kaadri sünkroimpulsi mingit vajalikku informatsiooni ei sisalda ( PAL-värvistandardis ) .
Osa kaadri tagasikäigu ajast kasutataksegi ära teleteksti ülekandeks .
Tagasikäigu ajal saadetakse tihti ka testsignaale , mis on vajalikud ülekandetrakti kontrolliks .
Teleteksti saade on jagatud üksteise järel saadetavateks numereeritud lehekülgedeks ( 100 - 899 ) , millest igaüks sisaldab mingit teksti või pilte .
Palju teksti sisaldavad leheküljed on jaotatud omakorda alalehtedeks , mida saadetakse järjestikku .
Iga teletekstilehekülg koosneb päisest ja tekstiosast .
Teksti mahub ühele lehele kuni 24 rida , igas reas võib olla kuni 40 märki .
Lehe päises on üks rida teksti .
Seal on näha valitud lehekülje number , kellaaeg , kuupäev ja peaaegu eranditult teleteksti ( või seda saatva firma ) nimi .
Teleteksti põhilised tehnilised parameetrid on toodud tabelis .
Valides teleteksti mahuks 75 lehekülge , saame valitud lehekülje ootamise ajaks halvimal juhul 18 sekundit ( juhul , kui teleteksti kanda üle kahel real kummaski poolkaadris ) .
Tegelikult on teleteksti võimalik üle kanda kuni 16 real poolkaadri kohta ( kaadrikustutuse ajal ) .
Esimeses poolkaadris ridadel 6 - 21 ja teises poolkaadris ridadel 319 - 334.
Siinkohal tuleb ära mainida piirangud , mida teleteksti ülekandele seab SECAM värvistandard .
Nimelt saadetakse SECAM ülekandes kaadrikustutuse ajal värvisünkroimpulsse ( esimeses poolkaadris ridadel 7 - 15 ja teises poolkaadris ridadel 320 - 328 ) .
Teleteksti võib saata potensiaalselt ainult viiel real , kui videosignaalile ei ole lisatud testsignaale 1 - 2 real .
Aeglase teleteksti näitena võib tuua Eesti Televisiooni poolt kasutatavat varianti .
Teletekst saadetakse kolmel vabal real kummaski poolkaadris , kuigi tehnika võimaldaks kasutada kõiki teletekstile lubatud ridu .
Seoses sellega venib ka valitud lehekülje ootamise aeg võrreldes mõne teise kanali , näiteks Soome televisiooni kanalitega , kus teleteksti saadetakse kaheksal real .
Teletekstilehekülgede süsteem on reeglina üles ehitatud nii , et lehekülg 100 on teleteksti pealeht .
Pealeht sisaldab tavaliselt infot kogu teleteksti ja selle alajaotuste kohta .
Alajaotused on enamasti jagatud sadade lehekülgede kaupa ja leht X00 ( 100 , 200 , 300 , jne . ) on selle saja sisukorraleheküljeks .
Nii on näiteks laialt levinud telekavade , saatetutvustuste , filmikommentaaride , jne üle kandmine tekstilehekülgedel 301-3XX ( sisukord leheküljel 300 ) .
Uuemad teletekstidekoodrid võimaldavad vastu võtta Euroopas järjest enam levivat TOPTEXT-süsteemis saadetavat teleteksti .
Täiuslikuma tekstidekoodriga varustatud telerite kaugjuhtimispultidel on muuhulgas värvilised nupud , millele TOPTEXT'is on antud omaette funktsioon .
Sinise nupuga valitakse alajaotus , kollasega teema ja rohelise nupuga lehekülg ( nimi ) .
( Näit .
uudised · majandusuudised · valuutakursid . )Eelmise lehekülje valimine toimub punase nupuga .
Alajaotused ja teemad võivad olla esitatud ka tabelina , milles valimine toimub teleri kaugjuhtimispuldi kursorinuppudega .
TOPTEXT-teleteksti ülekanded on Eestis jälgitavad satelliidi vahendusel põhiliselt Saksa telekanalite teletekstides .
Esimesena Euroopas alustas teleteksti ülekandmist BBC ( B ritish B roadcasting C ompany ) juba paarkümmend aastat tagasi .
Seda sama teleteksti , millele inglased andsid nime CEEFAX , oleks võimalik vaadata iga tänapäevase teletekstidekoodriga varustatud teleriga .
Seega saatestandardis muutust toimunud ei ole .
Alternatiivne Prantsusmaal välja töötatud teletekstisüsteem Antiope on tänaseks konkurendi poolt välja tõrjutud ka viimase sünnimaalt .
Teleteksti areng ei ole siiski seisma jäänud .
Berliini messil IFA ' 95 esitleti uut teleteksti laiendatud võimalustega varianti HiText .
( teletekst level 2.5 ) .
HiText on allapoole ühilduv praegu laialdaselt kasutusel oleva ( level 1.0 ) teleteksti variandiga ja on tavalise dekoodriga varustatud teleri ekraanil näha nagu tavaline teletekst .
Nägemata jäävad vaid osa graafikat ja teksti see osa , mis jääb väljapoole level 1.0 poolt kasutatavat ekraanipiirkonda .
HiText võimaldab lisaks tavalisele teletekstile :1. üle kanda igal real 56 märki ,2. keerulisemaid ja parema resolutsiooniga graafilisi kujundeid ,3. liikuvaid objekte ,4. teksti ja graafikat on võimalik ekraanile esitada 15 erineva värviga .
Igat värvi taas 16 erineva intensiivsusega , mis annab kokku 240 kombinatsiooni .
5. ekraanile kuvada logosid jne .
6. kasutaja poolt valida spetsiaalseid sümboleid ( erilisi tähemärke ) ja värve ( 16x16 ) .
Mõned teleritootjad on andnud oma teleri teletekstile juba praegu nime MEGATEKST .
Reeglina tähendab see , et teler on varustatud Siemens'i HiText lahutusvõimega MEGATEXT protsessoriga ja vähemalt 100 tekstilehekülje mäluga .
Seevastu telerid , mis varustatakse uue HiText dekoodriga , hakkavad kandma nime MEGATEXT Plus .
Praegu veel ükski operaator HiTexti ei väljasta ja vajaliku varustusega telereidki ei paku ükski tootja .
Lähem tulevik näitab , kas turule jõuab kiiremini uue teletekstidekoodriga varustatud teler ( ja tarbijal tuleb oodata kuni lubatud HiText teleteksti ülekanded algavad ) või algavad varem HiText ülekanded ja tarbija hakkab telerivalmistajatelt uue dekoodriga telereid nõudma ."
"PEEP KALVFOTO ALLKIRITähekuninganna troon NASA Hubble'i kosmoseteleskoobi vahendusel .
Kolmest fotost koostatud kujutise värvusülekanne on loomulikule väga lähedane : punane valgus tuleb ühekordselt ioniseeritud väävli , roheline vesiniku aatomeist ; sinist kiirgavad kahekordselt ioniseeritud hapniku aatomid .
Parim maapeal tehtud foto Tähekuningannast ja udukogust ( David Malin , Anglo-Austraalia 3,9 meetrine teleskoop ) .
Tuntud tähetekke piirkonna Orioniga ( 1 ) on jõuliselt konkureerimas Madu .
Sama jõuline on nimetatud paikkonnast ( nüüd tuntuks saanud rohkem Tähekuningannana ) Hubble'i kosmoseteleskoobiga hiljuti tehtud foto .
Tõeliste madude munakurnast võib järglasi tulla mõnikümmend .
Tundub , et oma nimekaimule ei jää alla ka taevane Madu - sealgi on tähtede sünd tormilisem kui mujal .
Esimesena kirjeldas Mao , Amburi ja Kilbi kokkupuutepunkti lähedal , peaaegu täiskuu näiva läbimõõduga kaunist hajusat täheparve šveitsi astronoom P . L . de Chesaux 1746.
Charles Messier ' kataloogi s ( 1764 ) sai objekt nimeks M16 , märkusega “ tähed asuvad nõrgas valguses ” .
Arusaamatu , kuid pärast kuulsat prantslast ei näinud tähti ümbritsevat udukogu kogenuimadki vaatlejad ( näiteks sir William Her schel ise ) kuni esimese fotoni , mille tegi ameerika astronoom Edward Barnard 1895.
Laialisirutatud tiibadega hiidlindu meenutava udukogu M16 tuntuim nimi on Kotkas , kuid USA astronoomi Robert Burnhamjun .
pakutud Tähekuninganna tundub õnnestunum .
7000 .. 8000 valgusaasta kaugusel asuva pilve läbimõõt on 70 valgusaastat , mass 12 500 Päikese massi .
Pilves asuvate tähtede keskmine vanus on 800 000 aastat , kuid noorimad , vaid 50 000 aasta vanused on vastsündinud .
L eidub ka mitu T Tauri tüüpi muutlikku1 , alles prototähe lõppstaadiumis viibivat objekti .
Pilv koosneb peamiselt vesinikust , millesse on lõikunud tumedad ribad - molekule ja tolmu sisaldavad tihedamad pilved .
Need on inglise astronoomi ja publitsisti Fred Hoyle'i ( 2 ) rohkem kui valgusaasta pikkused “ elevandi londid ” ( kuumem gaas paisub ja tungib jahedamasse nagu pomm ) ehk Burnhami Tähekuninganna troon .
Tähekuninganna udukogu kujutab endast hiiglaslikku inkubaatorit , milles umbes 60 enneaegset tibu teevad palju pahandust : esimesena tekkinud suure massiga ülikuumade tähtede võimas ultraviolettkiirgus hajutab energiliselt pilve , s elle tihedus saab väiksemaks kriitilisest , ja sajad uued tähed jäävad sündimata .
Sellest hoolimata tähti siiski tekib ( Hubble'i teleskoobi fotol on üks niisugune “ loode ” rõngastatud ) , kuid uued on varase matest väiksemad , sest ultraviolettkiirgus hajutab ka alles kokkutõmbumist alustanud prototähtede väliskihte .
Neid looteid , molekulaarse elevandi londi sees ja sellest sõrmedena välja ulatuvaid tihendeid nimetavad astrono omid aurustuvateks gaasilisteks gloobuliteks .
Mõõtmetelt on nad Päikesesüsteemist pisut suuremad .
Hubble'i kosmoseteleskoobi fotode autorid , Arizona Ülikooli astronoomid Jeff Hester ja Paul Scowen jätkavad praegu maa peal infrapuna- ja millimeeter-raadiokiirguse lainetel .
Uued vaatlused kosmosest on kavas 1997. aasta lõpul , kui Hubble'i teleskoobile on paigaldatud uus infrapunakaamera ja spektromeeter .
( 1 ) “ Horisont ” nr. 7 1995 , lk . 39 - 46.
( 2 ) Tema kuulus “ Must pilv ” on avaldatud “ Horisondis ” 1967 - 1968 ( tõlkija käesoleva loo autor Peep Kalv - toim . ) .
PEEP KALV ( 1934 ) on Tallinna Tehnikaülikooli füüsika instituudi vanemteadur Tallinna Tähetornis .Füüsika-matemaatikakandidaat ."
"REINO OHLAUTänavu möödub 40 aastat televisiooniajastu algusest Soome lahe põhjakaldal .
Nendest aegadest on välja kasvanud ka tänane FINLUX kaubamärk .
Esialgsest kuubikujulisest kastist , mille ühel küljel asetses midag i illuminaatoritaolist ja seest võis leida hulganisti hõõguvaid klaaskolvikesi , on tänaseks saanud meile tuntud televiisor oma täisnurkse pildi , suurepärase stereohääle ja modernse disainiga .
Raske on prognoosida järgmist neljakümmet , aga osalt on tunda konkurentsist tingitud teatavat tempo langust telerite arengus .
Teleritootjate põhiline aeg kipub kuluma odavama tootmise organiseerimiseks .
Kui Finlux 1990ndate alguses tõsiselt Eesti turule jõudis , olid tootevalikus põhiliselt ainult kallid stereoteleviisorid .
Siis tehti põhimõtteline kursimuutus ja turule toodi odavamad mudelid .
Nende varustus oli lih tsam , kuid nad leidsid kiirelt hea tarbijapoolse vastuvõtu .
25tollise kineskoobiga C-seeria telerist sai tõeline rahvateleviisor Soomes .
Eestiski on just seda telerit võrreldes teiste Finluxidega , enam müüdud .
Finluxi tootevalikus on täna 6 seeriat televiisoreid .
Telereid valmistatakse kahes tehases .
G- , Y- , P- ja B-seeria telerid tulevad Saksamaalt Bochumist .
Turus asuvas Euroopa ühes modernsemas teleritehases valmistatakse Finlux U-ja Z-seeria t elereid .
Abiks teleri valimisel on allpool toodud tabelis antud kõikide tootmises olevate Finlux-telerite põhilised andmed .
Teleri suurust valides võib kõrvale jätta põhimõtte , et selle vaatamise optimaalne kaugus peaks olema viis kineskoobi diagonaali , kuna nüüdisaegset 29tollist telerit võib vaadata juba paari meetri kaug uselt .
Suur ekraan toob aga filmide vaatamisse rohkem kino tunnet ja viib vaataja enam tegevuse keskele .
Milliseid kanaleid saab vastu võtta ?
Kanalite all mõistavad inimesed erinevaid asju .
Kui Finlux 74U2 teleril on sada kanalit , tähendab see tegelikult , et teleri mällu on võimalik salvestada kuni 100 teleprogrammi , mida kantakse üle erinevatel tehnilistel kana litel .
Lihtsamalt väljendudes - teleril on saja programmi mälu .
Teine number , mida kasutamisjuhendist võib leida , on kanalite arv .
See on tehniliste kanalite arv , mille saatesagedused on otsimise hõlbustamiseks teleri mällu ki rjutatud .
Kaablivõrkudes võivad teleprogrammid olla nihutatud kõrvale standardsest tehnilise kanali sagedusest .
Automaathäälestus leiab üles õige sageduse ja häälestab teleri ka nihutatud kanalile .
Kõikides tootmises olevates Finlux-telerites käivitub automaathäälestus teleri esmasel sisselülitamisel või pärast mälu tühjendamist ja salvestab mällu kõik teleprogrammid , mis kaabli kaudu sellesse telerisse jõuavad , sõltumata ülekandesagedusest kogu televisiooni-diapasooni ulatuses .
Eestis müüdavad Finlux-telerid võimaldava vastu võtta teleprogramme , mida saadetakse PAL või SECAM standardis CCIR ( 5,5 ) või OIRT ( 6,5 ) heliga .100hertsine pildilaotusOtsides võimalusi telerite pildiomaduste parandamiseks , tuldi ideele hakata pilti ekraanile laotama kaks korda tihedamini , kui seda saadetakse ( 50 poolkaadrit sekundis ) ehk 100 korda sekundi jooksul .
Põhjuseks oli tavalise telepildi tunt av vilkumine ja värelemine vertikaalsuunas .
Kuna inimsilmal on teatav mälu , suudab ta fikseerida nähtavaid muutusi mingi lõpliku kiirusega .
Laotades pilti tavalisest kaks korda tihedamini , satume teisele poole seda piiri ja pilt vaat aja jaoks enam ei vilgu .
Pildi teravust 100hertsine laotus ei paranda .NICAM stereoheliParema naudingu saavutamiseks filmide ja muusikasaadete vaatamisel on telerites helikvaliteediga jõutud pildiga võrreldes palju kaugemale .
Tavaline FM helikanal , mida suudab vastu võtta iga televiisor , seab olulised piirangud ülekantava heli kvaliteedile .
Järjest uusi alasid vallutab Euroopas NICAM digitaalstereoheli ülekandesüsteem .
NICAM võimaldab lisaks stereohelile ka kakskeelsete saadete ülekannet .
Osa Soome televisiooni kaudu edastatavaid spor diülekandeid on näiteks varustatud kommentaaridega soome ja rootsi keeles .Lisaseadmete ühendamisvõimalusedLisaks televiisorile on paljudes kodudes ka videomagnetofonid , satelliidituunerid ja muud videoseadmed , mis vajavad ühendamist televiisoriga .
Enamuses telerites leidub selle jaoks videosisend .
Ühendus videosisendi kaudu annab alati parima pi ldi- ja helikvaliteedi .
Kui kodus juhtub olema rohkem seadmeid , mida oleks vaja teleriga ühendada , on oluline , et teleril oleks rohkem kui üks videosisend .
Finlux U- ja Z-teleril on kolm videosisendit .
Kaks neist asuvad tagapaneelil ja üks esipaneelil .
Esipaneelil asuvat sisendit on mugav kasutada näiteks videomängude või kaamera ajutiseks ühendamiseks , eriti kui juurdepääs telerile tagantpoolt on ebamugav .
Kallimates televiisorites leidub reeglina ka kvalite etne stereohelivõimendi , mis võimaldab ka lisakõlarite ühendamist .
Nende paigutamisel üksteisest kaugemale saab nautida paremat stereoefekti .KammfilterSeoses digitaaltehnika arenguga on tekkinud võimalus kõrvaldada PAL-telepildist üht häirivamat nn. “ cross color ” efekti .
See tekib , kui teleri värvikanalisse kaasatakse osa heledussignaalist , mille sagedus on lähedane värvikandva signaaliga .
Pildil avaldub see kõige teravamalt näiteks diktori ruudulisel pintsakul , kui selle muster on teatava sammuga .
Kammfilter eraldab digitaalselt heledus- ja värvisignaalid koos nende spektrite kõigi komponentidega .
Lisaks teleritele pakub Finlux ka satelliidituunereid , antennipositsioneere ja videomagnetofone .
Pärast Nokia kontserniga paar aastat tagasi toimunud ühinemist on Põhjamaade satelliidiülekannetes kindla koha leidnud MAC-standardit vastu võt vate satelliidituunerite tootmine koondatud Rootsi , Motalas asuvasse tehasesse .
Turu teleritehases toodetakse ga kontserni prestiizikamaid telereid .
Tehase laboratooriumis käib aga vilgas tegevus digitaaltelevisiooni vastuvõtuseadmete väl jatöötamisel ja tootmisse evitamisel .
Saksa meediafirmalt KirchGroup saadud tellimus miljoni digitaalvastuvõtja tegemiseks on suuremaid käsilolevaid projekte ."
"Veebruarikuus sai ühtäkki meediastaariks sümpaatne valgenäoline utt Dolly .
Ta vaatas meile vastu pea kõikide tähtsamate väljaannete lehekülgedelt ning temaga seostati pöördelisi , lausa meie tsivilisatsiooni alustugesid kõigutavaid tulevikuväljavaateid .
Pöördusin Helsingi ülikooli Biotehnoloogia Instituudi direktori akadeemik Mart Saarma poole , et kuulda , mida kloonitud lamba sünd tähendab teadusele ja meile kõigile .
Eelkõige on tegu äärmiselt olulise teadussaavutusega , mille sisu mõistmisele aitab kaasa üks väike kõrvalepõige ajalukku .
Juba 1975. aastal tegi inglane John Gurdon kloonimiskatseid , kuid mitte imetajate , vaid konnadega .
Ta võttis kannuskonna keharaku tuuma ja siirdas selle konna munarakku .
Nagu teame , on konna munarakud , ( konnakudu ) väga suured .
Paraku ei õnnestunud aga Gurdonil täiskasvanud konna saada , munarakk arenes vaid kulleseni .
1981. aastal avaldas sveitsi teadlane Karl Ilmensee koos ühe ameerika kolleegiga artikli väitega , et tal on õnnestanud kloonida hiir .
See oli tõeline sokk .
Kümned ja kümned laborid asusid Ilmensee katseid kordama , ( muide , nõnda kontrollibki teadus iseennast ! ) , see ei õnnestunud aga kellelgi .
Segadus kasvas , ning lõpuks väitsid sveitslase kaastöötajad , et nad pole näinud teda vastavaid katseid tegemas .
Ilmensee teatas , et tegi neid vabal ajal , puhkepäevadel .
Loomulikult kasvas skeptitsism veelgi ja peatselt tunnistati artikkel võltsinguks .
Ilmensee aga kaotas oma töökoha ja maine .
Wilmut ja Roslini Instituut - >"
"farmakoloog MARGAREETE OTTERUimastushullus on üsna uus sõna , mida on hakatud kasutama Tartu Ülikooli Arstiteaduskonnas rahvusvahelise sõna narkomaania eestikeelse vastena .
Pole veel teada , kuidas üldsus selle vastu võtab , kuid see tundub olevat õnnelik leid .
Narkootikumide tarvitamise lähiajaloos on olnud kõrgperioode , millele järgneb tavaliselt taandumine , tarbimine muutub seega rütmiliselt .
Nii olid kõrgperioodid 1960. ja 1980. aastatel .
Viimase tõusulaine järelmõjud on jõudnud ka Eesti Vabariiki .
Võitlemisel uimastushulluse vastu on vägagi olulisel kohal täpse , nüüdisaegse ja selge info levitamine .
Sest ohtlik on just see , et narkootikume müüakse kontrollimatult käest kätte ning keegi ei tea täpselt , millist ainet ja millises annuses ta tegelikult saab .
Sageli pakutakse vähemohtlike LSD ja kanepisaaduste nime all heroiini ja inimene võib muutuda vastu tahtmist sõltuvaks ning edaspidi seega heaks ja püsivaks oopiumitoodete ostjaks .
Seetõttu toomegi siinkohal ära ülevaatliku tabeli narkootikumide kasutamise , toimete ning kõrvaltoimete kohta ."
"Sander LiivakMida sümboliseerib Ungari mitte kui väike maalapp tänases Euroopas Slovakkia ja Horvaatia vahel , vaid Ungari läbi sajandite ?
Ungarlased väldivad meelsasti võõrsõnu .
Näiteks sõna zene ( muusika ) on enne 18. - 19. sajandi keeleuuendust tuntud muzsika tänaseks peaaegu välja tõrjunud .
Mis pole selge , pole ka ungarlik on ju selgitama - verbki magyaráz .
Tabav vaste on ka sümbol - sõnal : jelkép ( märkpilt ) .
Mida siis märkpildistab Ungari kui selline mitte kui väike maalapp tänases Euroopas Slovakkia ja Horvaatia vahel , vaid Ungari läbi sajandite ?
Kas valvepost ?
Ehk on Ungari ristiusu valvepost , midagi sellist , nagu Géza Gárdonyi Egeri tähtede ” piirikindlused ?
Ei türklaste ega kommunistide ebausk ” suutnud kõigutada madjarite truudust oma Jumalale .
Meie pöördume Jumala poole alles oma hümni viimases salmis , aga Ungari hümn algab sõnaga Isten ( Jumal ) .
Muidugi võib ungarlasi kui Risti kaitsjaid idealiseerida ainult koolijüts .
Ka hispaanlaste lahingud mauridega ja misjonäride ennastohverdav tegevus mere taga tunduvad takkajärele kaunimad kui telepildid Bosnia ja Teteenia kristlaste võitlusest paganate vastu ” .
Meie rõhutame oma asendit Ida ja Lääne piiril , nagu Henrik Visnapuu luuletuses Tõmbtuul ” ( ilm . 1927 ) :Tõmbtuul , suur tõmbtuul !
Sajandi ühe läänest itta vuhised ,hirmsa jõuga idast läände nüüd tuhised ,tõmbtuul , o tõmbtuul !
Ungari luules on sama teinud nii kalvinist Endre Ady ( 1877 - 1919 ) kui katoliiklane Gyula Juhász ( 1883 - 1937 ) .
Kuid Ungaris ei puhu tuul ” ainult kahest , vaid lausa neljast suunast : see maa asub ka Põhja ja Lõuna vahel , kui Lõuna all mõista Balkanit , mis paljuski erineb tüüpilisest Euroopast .
Ungari oli suurriiikUngari ei ole enam suurriik , kuid veel kolmveerand sajandit tagasi ( Trianoni rahuni 4. juunil 1920 ) võis teda pindalalt , rahvaarvult ja ülesehituselt võrrelda Suurbritannia , Prantsusmaa ja Hispaaniaga .
Need vanad tsentraliseeritud riigid on rajatud väga erinevate piirkondade rahuliku või sõjalise kokkuleppe alusel .
Enamiku otlaste , korsiklaste ja katalaanide jaoks oli ja on endiselt kasulik sümbioos inglise , prantsuse ja kastiilia rahvaga .
Praegu kuuluvad kõik need kolm hiidu ja kunagist rivaali ( meenutagem kas või Saja-aastast sõda või Võitmatu Armaada fiaskot ! )Euroopa Liitu , mis on samuti eri rahvaste vastastikku kasulik kooslus .
Ungari on sellest väljas .
Väljas on ka tema endine vasall Horvaatia ning isemeelne paljurahvuseline Transilvaania , mis alates 1570 oli autonoomne vürstkond , aga ka slovakid ja Vajdasági ( Vojvodina ) serblased .
Ungari on muutunud , õigemini muudetud Ida-Euroopa väikeriigiks .
Sellisena on ta Eesti jaoks “ omasugune ” ja kahtlemata “ võrdsem ” partner kui suurena .
Ajaloo kaks algustUngari ajalool on kaks algust üks kaugel idas Uurali nõlvul ja teine kohapeal Karpaatide basseinis .
Õigupoolest kattuvad mõisted Ungari ajalugu ja ungarlaste ajalugu vaid osaliselt .
Võib kahelda , kas maahõivamiseelset ( roomlaste , hunnide ja Suur-Määri slaavlaste aegset ) Pannooniat üldse nimetada Ungariks .
Koolis oli küll pentsik õppida N. Liidu ajaloo raames Urartu riiki hilisema Armeenia alal .
Veel pentsikum oleks mõnes NL ajaloo käsitluses kirjutada N rahvaste saatusest pärast L-i lagunemist .
Niisama imelik oleks Ungari uusimas ajaloos jutustada tänapäeva Slovakkiast ja Rumeeniast , kuid ungarlaste ajalugu neil mail jätkub .
1100 aastat tagasi ületas vürst Árpád Verecke kuru kaudu Karpaadid ja viis oma rahva Euroopasse , otsekui Mooses tõotatud maale .
Maahõivajad madjarid olid veel paganad , nagu Vana Testamendi aegsed juudid , kuid neiski hõõgus tulevase eeskujuliku kristluse säde .
Kui Árpád oleks poolel teel peatunud , tabanuks tema hõime maride ja mordvalaste saatus venestumine .
Tuhat aastat olid ungarlased selle ohu eest kaitstud ka siis , kui Peeter Suur Eestimaalt kukelaulugi püüdis hävitada .
Alles meie sajandil astus Vene sõdurisaabas pikemaks ajaks Árpádi maale ( 6. oktoobril 1944 ) .
Killuke sellest Kárpátálja , vallutajate vaatevinklist Taga-Karpaatia jäi täielikult venelaste meelevalda .
Ka kommunistliku impeeriumi minimudelid Tehhoslovakkia , Jugoslaavia ja Rumeenia säilitasid oma osa Ungarist .
Vabasse maailma jäi üksnes kitsuke maariba Várvidék ( Burgenland ) , mida enamik eestlasi tunneb Esterházy lossi järgi Kismártonis .
Praegu on ungarlased teist korda teel Euroopasse .
Nad ei istu enam ratsudel , vaid keele- ja arvutiklassides .
Inforikkas Euroopas ei jõuaks tugevaimgi riigipiir kaitsta ühtegi rahvust välismõjude eest .
Parem , kui neid kõiki passiivselt vastu võtta ning kasulikeks ja kahjulikeks lahterdada , on püüda ka ise teistele midagi anda .
Nii omapärasel rahval , nagu ungarlased , on mida anda .
Kaua aega oli Euroopa Liit sisuliselt indoeuroopa liit .
Soome osalus palju ei muuda , sest see on liiga väike ja kauge maa , kus pealegi on teiseks riigikeeleks rootsi keel .
Ungari liitumine oleks midagi muud .
Soomlaste ( ka meie ) ja ungarlaste esiisad läksid üksteisest lahku 2000 aastat enne Kristust .
Vahest saame aastal 2000 pärast Kristust suurel ja sinisel ühiskodumaal E. Liidus jälle kokku .
SANDER LIIVAK ( 1972 ) õpib Tartu Ülikoolis eesti filoloogiat ."
"arstiteadlane ja harrastusajaloolane ILO KÄBINKuigi juba 13. sajandil leidus apteeke Itaalias ja Hispaanias ning Tallinnas avati esimene apteek 1420 ja Tartus 1425 , ei olnud veel 19. sajandilgi täpset piiri farmaatsia ja farmakoloogia vahel .
Üldjoontes oli vahe siiski ammu olemas : farmaatsia ülesandeks oli ravivahendi valmistamine ja kasutamine , farmakoloogia eesmärgiks oli aga ravimite mõju uurimine .
Farmakoloogia , mis veel möödunud sajandil kandis nimetust materia medica , oli õppeaineks paljudes ülikoolides juba aastasadu , vaatamata sellele , et tal puudus teaduslik alus .
Farmaatsia seevastu polnud aga 19. sajandi algul üldse akadeemilisele tasemele jõudnud .
Tartu ülikoolis loodi materia medica professuur juba ülikooli taasavamisel 1802.
1843 asus sellele kohale dr. med .
Friedrich R. Faehlmann , tookordne Õpetatud Eesti Seltsi esimees .
Samal aastal avati Tartu ülikoolis ka iseseisev farmaatsia professuur , olemasolevail andmeil esimene taoline maailmas .
Augustis 1847 saabus vakantseks jäänud Tartu ülikooli materia medica professori kohale Rudolf Buchheim .
Paremat meest sellele kohale poleks saanud leida - juba samal aastal alustas ta oma Lille tänava maja keldris arstirohtude eksperimentaal-teaduslikku uurimist .
Buchheimi juhatusel ilmus Tartus 20 aasta jooksul ligi 100 teaduslikku tööd , neist 86 dissertatsiooni .
Esimesena kaitses farmakoloogias doktorikraadi Georg von Oettingen , kelle väitekiri käsitles kalomeli ( elavhõbeda soola ) keemilisi muudatusi ning selle mõju seedetraktis .
Nagu autor töö eessõnas mainib , toimusid nii keemilised analüüsid kui ka loomkatsed Buchheimi avara maja keldris - niisiis maailma esimeses farmakoloogialaboratooriumis .
Buchheimi juhendatud doktoritööd käsitlesid ka alkoholi , kloroformi ja kaltsiumisoolade mõju , raskete metallide toimet organismisse , antiseptikume jne .
1854 ilmus Buchheimi kuulus õpperaamat “ Lehrbuch der Arzneimittellehre ” , milles kirjeldatakse ravimite toimet ning antakse ka seletus , miks mingi ravim just nii või teisiti mõjub .
Veelgi olulisem on aga see , et Buchheim esitas arstirohtude süstemaatilise liigituse , mis põhilistes joontes kehtib tänaseni .
Buchheimi materia medica kolleegid ei osanud tema töid väärikalt hinnata , küll äratasid tema saavutused Euroopa füsioloogide tähelepanu .
Kõige õigemini oskas tema teeneid hinnata ehk Tartu ülikool : 1860 avati Vanas Anatoomikumis Farmakoloogia Instituut , taas esimene omataoline maailmas .
1932 , seoses ülikooli 300aastase juubeliga , kinnitati Vanas Anatoomikumis asuva Farmakoloogia Instituudi välisseinale Rudolf Buchheimi mälestustahvel ."
"Maailmas hetkel mässava gripiviiruse A esiisal on seljataga sünge minevik .
Just tema põhjustas seniajani kõige hävitavamaks osutunud epideemia : nn. hispaania grippi suri aastail 1918 - 1919 ligi 25 miljonit inimest .
Võrdluseks : äsja lõppenud I maailmasõda oli nõudnud 10 miljonit ohvrit .
Aastate jooksul viirustüvi muutus ja põhjustas haigestumisi kuni 1950. aastate lõpuni välja .
Siis kadus viirus jäljetult - et ärgata kakskümmend aastat hiljem ja levida kiiresti üle maakera .
Helsingi ülikooli viroloog Olli Vapalahti iseloomustabki gripiviirust kui kameeleoni , kes ammutab kusagilt hoogu juurde , et ilmuda seejärel nähtavale uuel kujul .
Viimase viirustüübi , hongkongi gripi ja tema järglaste valitsusaeg on kestnud nüüdseks juba ligi 30 aastat .
Kuna suured pandeemiad on kordunud iga 10 - 40 aasta tagant , on aeg hakata ootama erakordselt raske haigestumiselaine saabumist , rõhutab teine Helsingi ülikooli teadlane Heikki Peltola .
Uue pandeemia saabumine on võimalik , ja õigem on öelda , et isegi tõenäoline .
Heikki Peltola rõhutab , et kui üldse vaevata oma pead mingi suurepideemia puhkemisega , siis tema muretseks igal sügisel pigem gripi kui näiteks Ebola-viiruse pärast .Muutuv maailmarändurGripiviirus on maailmarändur , kes pendeldab pidevalt lõuna- ja põhjapoolkera vahel endale sobivaid elutingimusi otsides .
Viirusele meeldib talvekülm , suvekuumus ja UV-kiired on talle seevastu hukatuslikud .
Sooja ilmaga hävib viirus kiiresti ja ei jõua otsida endale uut ohvrit .
Muudes tingimustes on piisknakkusena levivat haigusetekitajat raske tõrjuda .
Matkates viirused muunduvad ning tugevamad neist saavad jagu inimese immuunsüsteemist , põhjustades niiviisi epideemiaid .
Selleks talveks oodatav gripitekitaja on ristitud Wuhaniks .
Too viirus alles hiilib vargsi lõunapoolkeralt põhjapoolkerale .
Tõsi , Wuhan jõudis juba möödunud talvel nakatada äikese osa eurooplastest , kuid suve saabumine pani viiruse levimisele piiri .
Põhjapoolkera puhkusehooaja on Wuhan veetnud põhiliselt Lõuna- Ameerikas , Lõuna-Aafrikas , Austraalias ja Uus-Meremaal .
Külmade saabudes tuleb ta aga tagasi ja jätkab sealt , kus kevadel pooleli jäi .
Keegi ei oska praegu õieti hinnata , kui ägedana viirus tagasi tuleb .
Mineviku suurepideemiate põhjustajatega ta siiski ilmselt võistelda ei suuda .InkubaatorKäesoleval sajandil möllanud gripiepideemiate tekitajad on enamuses pärit Aasiast .
Seda saab seletada asjaoluga , et gripiviiruse A tekkimiseks on vaja erilisi tingimusi , mida pakuvad just Lõuna-Hiina maamajapidamised , mis kubisevad inimeste ja loomade ( gripi ) viirustest .
Olli Vapalahti väidab , et need majapidamised on tõelised viiruste inkubaatorid , sest inimesed ja koduloomad elavad seal peaaegu et ühe katuse all .
Sigu peetakse parditiigi läheduses , kus külarahvas omakorda käib suplemas .
Superviirus võib sündida , kui inimese ja pardi viirused kohtuvad mingi peremeesorganismi rakus ja viiruste geenid ( RNA l õigud ) lähevad vahetusse .
Selliseks väga efektiivseks viiruste “ segajaks ” on siga .
Sea organismis äsjamoodustunud viirus ka paljuneb ja muutub tapvaks , ning ründab lõpuks taas inimest .
Muundumis- ja segunemisvõimalusi on muidugi palju ning eriti ohtliku viiruse tekkimiseks on vaja teatud geneetiliste tegurite kokkusattumist - iga uus viirus ei pruugi sugugi ohtlik olla .
Aga on teada , et nii 1957. kui 1968. aasta pandeemia põhjustanud superviirused “ valmisid ” just sea organismis .
Viiruse “ edukus ” sõltub sellest , kuidas muutub tema kesta moodustav proteiin ( valk ) .
Maailmas ringleb praegu kaks viiruse A tüüpi : H1N1 ja H3N2 ( tähtede ja numbrite kombinatsioon kirjeldab just viiruse valgu ehitust ) .
Inimkonna õnneks on mõlema arenguliini järglased olnud oma eelkäijatele suhteliselt sarnased ning suurt epideemiat ei ole sündinud : immunoloogiline mälu on inimesi kaitsnud .
Nii meenutas 1977. aasta viirus pärast I maailmasõda laastamistööd teinud hispaania grippi ja pandeemiat ei puhkenud ( haigestumisest pääsesid just vanemad inimesed ) .Bioloogiline internetTänapäeval teame rohkem viiruste levimisest , ka haiguste ravi on teisel tasemel , kui sajandi alguses , mil suur osa inimesi suri just gripi tagajärjel nõrgestatud organismis bakterite poolt tekitatud tüsistustesse .
Selle vastu on tänapäeval abiks antibiootikumid .
1950. aastatest on olemas ka gripivaktsiin .
Kuid vakstiin jääb alati haigustekitajast ühe sammu võrra maha , sest see valmistatakse eelmisel talvel möllanud viirustüve järgi .
Uue vaktsiini väljatöötamiseks kulub vähemalt paar-kolm kuud , ning kõigele lisaks on praktiliselt võimatu valmistada ja välja jagada 6 miljardit annust vaktsiini , eriti kui pandeemia on juba puhkenud .
Teadlased rõhutavad sedagi , et tänapäeva maailm loob viiruste levimiseks üha soodsamaid tingimusi .
Enam ei kulu ümbermaailmareisiks aasta , lennukiga sõitmisel piisab selleks ühest päevast , ja viirused rändavad koos inimestega .
Just reisimisvõimaluste paranemisega saab seletada ka asjaolu , et näiteks Euroopa riikides puhkevad gripiepideemiad enam-vähem ühel ajal .
Viroloog Richard Preston on tänapäeva maailma nimetanud koguni bioloogiliseks internetiks , kus viirused liiguvad ilma piiranguteta .
Haiguste levimisele aitab kaasa seegi , et rahvastik kasvab ja koondub üha enam suurlinnadesse , suureneb vaesus ja väheneb inimeste vastupanuvõime ( näiteks AIDSi- ja vähi haiged ning siirdatud elunditega inimesed on vastuvõtlikumad haigustele ) .
Gripiviiruse ohjeldamiseks on hädavajalik olukorra pidev jälgimine .
Nii on USA tervishoiuametnikud loonud viiruste sünnialadele nn. epidemioloogilise äiresüsteemi , mis tähendab , et mitmed laborid jälgivad pidevalt olukorda Hiinas .
Aga kui häiresüsteem veab alt ja kui uus viirus on piisavalt äge , võib pandeemia ka tänapäeva tingimustes nõuda miljoneid ohvreid , äidab Heikki Peltola .TIEDE 2000"
"farmakoloog MARGAREETE OTTERHašiš on tavaliselt valmistatud kanepi näärmerakkude vaigutaolisest eritisest käsitsi .
Pärast kuivatamist pressitakse saadud mass mitmesuguse kujuga ( pulgad , kangid , plaadid , ka pulber ) tükikesteks .
Hašiš on iseloomuliku imalmagusa lõhnaga , sõltuvalt kasvualast kas helepruun , rohekaspruun , pruun või isegi must .
Narkootiliselt aktiivse ( 9delta ) tetrahüdrokannabinooli ( THK ) sisaldus hašišis on tavaliselt 8% -12% -25% .
Hašišit suitsetatakse enamasti sigaretis või piibus .
Tubakas asetatakse sigaretipaberile , vaik peenestatakse kuuma noaga ja segatakse tubaka hulka .
Sigaret keeratakse ühest otsast kokku , et vaik välja ei kukuks .
Kanepivaigust tekkiv suits on kuum ning selleks , et mitte huuli kõrvetada , tuleb sigareti sisse asetada filter .
Narkootikumi toime sõltub aine kvaliteedist , kasutamise sagedusest ja hulgast , samuti narkomaani isikust ja tujust .
Näiteks kui kasutaja on end lõdvaks lasknud , siis hašiši kasutamise ajal tunne süveneb , kui ta aga on depressioonis , siis see süveneb veelgi .
Kanepivaik mõjustab motoorseid ( liikumis ) funktsioone , tema kasutamine võib põhjustada vigastusi , kuna inimese kontsentreerumisvõime väheneb .
Eriti ohtlik on see autoroolis või töötamisel liikuvate mehhanismidega .
Annuse mõju kestab tavaliselt 2 - 4 tundi .
Pidevad kasutajad võivad tunda rahutust ja depressiooni .
Areneb välja psüühiline sõltumus ja pikaajaline kasutamine võib tekitada hingamiselundeis suitsetamisega seotud probleeme .
Hašiši hüüdnimed Eestis on plastiliin , afganca , maroko ."
"bioloogiamagister , Ajaloo Instituudi geoarheoloogia ja muinastehnoloogia laboratooriumi nooremteadurKas eestlaste esivanemad kodustasid hobuse ?
Kas hobune oli meie esiisadele lihaloom või sõjaratsu ?
Viimasel ajal on palju tähelepanu pööratud eesti hobusele ning räägitud vajadusest kaitsta seda kohalikku tõugu .
Nii nagu nimigi ütleb , on eesti hobune kui tõug kujunenud aastatuhandete jooksul just Eesti aladel ning sobib seetõttu ideaalselt meie oludesse .
Põlisasukate järeltulija või immigrant ?
Kuna Eesti kiviaegsetest asulatest on leitud ka metshobuste luid , siis kerkib loomulikult kohe rida küsimusi .
Kas eesti hobune on välja kujunenud kohaliku metsiku hobuse kodustamise tulemusel või on tema eellased siia sisse toodud ?
Ning millal see võis toimuda ?
Nende probleemide uurimise muudab eriti keeruliseks asjaolu , et mets- ja koduhobuste luud on väga sarnased ning üksikute luuleidude alusel on nende eristamine praktiliselt võimatu .
Arheozooloogilise materjali põhjal ei näi hobuse kohalik kodustamine siiski tõenäoline .
Esiteks on metsikute hobuste luid Eestis ikkagi võrdlemisi vähe päevavalgele tulnud , ning teiseks - hobuseluude osatähtsus on kõige suurem atlantilisse kliimaperioodi kuuluvate leidude hulgas .
Sellest ajast ei ole meil aga veel mingeid märke primitiivse karjakasvatuse olemasolust .
Neoliitikumi lõpul oli aga Eestis metshobuseid ilmselt juba väga vähe ning sellisel puhul ei ole kohapealne kodustamine mõeldav .
Samuti peaks juhul , kui hobune tõesti Eestimaal kodustati , hobuseluude osatähtsus arheozooloogiliste leidude seas pidevalt suurenema või vähemalt samaks jääma , mitte aga vähenema , nagu see tegelikult toimub .
Seega on koduhobune tõenäoliselt Eestisse sisse toodud .
Järgmine küsimus : millal see võis toimuda ?
Enamik koduloomi toodi Eestisse kiviaja lõpul venekirvekultuuri hõimude poolt .
Nende hõimude haudadest on leitud kitse- , lamba- , sea- ja veiseluid ning kitse- või lambaluudest valmistatud esemeid , samal ajal hobuseluid saadud ei ole .
Euroopa sõjakirvekultuuride muististes kohtab hobuseluid üldse väga harva .Luud-kondidEesti oludes pakub suurt huvi kivi- ja pronksiaja piirile dateeritud Kaseküla asula , kust on lisaks teistele koduloomaluudele avastatud ka üks hobuseluu .
Muidugi tekib ka siin küsimus , kas on tegemist “ esimese ” koduhobusega või “ viimase ” metshobusega , kuid arvestades dateeringut ning teiste koduloomaluude esinemist võiks otsustada siiski esimese kasuks .
Edasi ei ole meil kahjuks jällegi mitme sajandi vältel võimalik hobusepidamise arengut jälgida .
Asi on nimelt selles , et pronksiaja esimesest poolest , vanemast pronksiajast , meil luuleide peaaegu ei ole .
Kindlalt võib aga väita , et just sellel perioodil omandas hobune küllaltki suure tähtsuse inimese elus .
Sellest annavad tunnistust järgmise perioodi , noorema pronksiaja , leiud .
Nagu jooniselt näha , on kindlustatud asulatest välja tulnud luude-kontide seas hobuste omi võrdlemisi palju .
Rauaaja varasemate perioodide kohta praegu veel materjali ei ole , kuid võib arvata , et hobuse osatähtsus on järjest kasvanud .
Igatahes on enamikul juhtudel hobuseluid rohkesti ka keskmise rauaaja linnustes .
Nooremal rauaajal hobuseluude osatähtsus osteoloogilises materjalis langeb ning keskaegses luuaineses on hobune tavaliselt esindatud vaid üksikute luuleidudega .
Ratsu või hoopis lihaloom ?
Eelpoolöeldust võib jääda mulje , et alates nooremast rauaajast on hobuse tähtsus vähenenud .
Tegelikult see siiski nii ei ole .
Arheozooloogiline materjal koosneb ju põhiliselt toidujäätmetest , seega lihaloomade luudest .
Järelikult on hobuseliha olnud kuni noorema rauaajani muinaseestlaste toidulaual küllaltki tähtsal kohal .
Vähesel määral on hobuseliha söödud veel keskajalgi , sellele vihjavad Tartust ja Tallinnast saadud hobuseluude fragmendid .
Kuid üldiselt on kõikjal Euroopas täheldatud tendentsi , et keskaegsetes materjalides kohtab vähe hobuseluid , ning seda seostatakse ristiusu levikuga , mis keelas hobuseliha söömise .
Et hobuselihast täiesti ei loobutud , näitavad mitmed selgete purustamisjälgedega luuleiud .
Veise- ja hobuseluude fragmente võrreldes tundub , et lihakeha tükeldamise skeem on nende kahe liigi puhul olnud sarnane .
V. Tsalkini andmetel on kirjalikest allikatest teada , et Venemaal söödi nälja korral kõike , isegi hobuseliha .
Arvestades hobuseluude rohkust sealses luuaineses , võiks järeldada , et nälg oli Venemaal päris tavaline nähtus .
Samuti märgib ta , et juba vastavate keeldude olemasolu viitab asjaolule , et probleem oli olemas .
Eesti leidude seas väheneb hobuseluude osa juba enne ristiusu vastuvõtmist .
Kuigi ristiusu elemente oli Eestis ilmselt juba enne 13. sajandit , ei ole loogiline , et see oleks esmajärjekorras mõjutanud siinsete elanike toitumistavasid .
Seega ei saa siin usk olla määrava tähtsusega .
Kõige tõenäolisemalt on põhjuseks hoopis hobuse funktsiooni muutumine .
Väga võimalik , et hobuseid hakati järjest rohkem kasutama künnitöödel ning ratsudena sõjaretkedel .
Hobuse kasutusalade täpsemaks selgitamiseks arheozooloogilisest materjalist loomulikult ei piisa .
Kesk-Euroopas oli neoliitikumis ilmselt põhiliseks veoloomaks veis , seda tõendavad sealsetest haudadest leitud veiste paarismatused .
Arvatakse , et ka venekirvekultuuri hõimud kasutasid veoloomana veist ning veokina kettakujuliste puuratastega vankrit .
Ka põllutöödel võidi kasutada mitte hobuseid , vaid hoopis veiseid .
Nii on näiteks Rootsis avastatud hilispronksiaegsed kaljujoonised , kus on kujutatud härgade paarisrakendiga kündmist .
Väga võimalik , et ka Eestis oli veel nooremal rauaajalgi põhiliseks künniloomaks härg , seda eriti Lääne- , Põhja- ja Kesk-Eestis .
Lõuna- ja Kagu-Eestis kasutati künnitöödel tõenäoliselt ka hobust .
Hobusega kündmine levis laialdasemalt ilmselt alles noorema rauaaja teisel poolel , kui kasutusele tuli harkader .
Mis puutub ratsutamisse , siis sellega tegeldi ilmselt juba nooremal pronksiajal , millele viitavad Asvast ja Irust leitud luust suitsekangid , mis meenutavad oma kujult Ida-Euroopast ja Aasiast leitud metallist suitsekange .
Kui laialdaselt oli ratsutamine levinud hilisematel aegadel , ei ole kahjuks teada , ratsutamisega seotud hobuseriistu on Eestist väga vähe leitud .
Et muinaseestlased kasutasid oma sõjaretkedel ka ratsamehi , sellele saame kinnitust Henriku Liivimaa kroonikast : “ Vahepeal kutsuvad saarlased ja revalased ja ridalased kokku suure ja tugeva sõjaväe kõigist ümberkaudseist Mereäärsetest kihelkondadest ja nendega kaasas olid kõik vanemad Saaremaalt ja Ridalast ja kogu Eestimaalt , kel oli palju tuhandeid ratsamehi ja veel enam tuhandeid neid , kes tulid laevadega , ja nad liikusid edasi Liivimaale .
” Kui hinnalised olid tol ajal hobused , saame kinnitust sama Turaida sõjaretke kirjelduse järgmisest lõigust : “ Vahepeal koguneb sõjaväe teine osa , nähes omade ( eestlaste ) hukku , mäele , mis on linnuse ja Koiva vahel , ja nad valmistuvad kaitseks .
Liivlased aga ja kristlaste jalamehed jooksevad saagi kallale , röövivad hobuseid , keda seal oli mitmeid tuhandeid , ja jätavad hooletusse võitluse ülejäänud paganatega . ”Peale kõige selle võis hobune olla ka ohvriloom .
Kivikalmetest saadud arheozooloogilises materjalis leidub ka hobuste luid , peamiselt hambaid ja jäsemete luid .
Veel keskajalgi on hobuste päid kasutatud ohverdamiseks , Pärnust leiti mõne aasta eest ühe keskaegse lauda nurga alt umbes 3-4aastase täku kolju .
Siiski ei ole hobune ohvriloomana eestlaste jaoks ilmselt väga olulisel kohal olnud .Poni sõjaratsuksNii nagu tänapäeva eesti hobused , olid ka muinas- ja keskaegsed eesti hobused tõenäoliselt väga erineva suuruse ja välimusega .
Autoril on olnud võimalik vaadelda kolju mõõtmeid ja kuju ainult kahe keskaegse hobusekolju puhul .
V. Gromova klassifikatsiooni alusel on Tallinnast saadud kolju laiaotsmikuline , Pärnust pärit kolju on keskmise laiusega otsmikuga .
Koonu pikkus on mõlemal koljul keskmine , koonu laius esimesel suhteliselt suur , teisel keskmine .
Eesti keskaegsete hobuste otsmiku profiil oli tõenäoliselt sirge .
Materjali vähesuse tõttu on Eesti hobuste turjakõrguse arvutamiseks kasutatud mitte ainult kämblaluid , mille järgi seda tavaliselt tehakse , vaid kõiki luid , millel oli võimalik mõõta maksimaalne pikkus .
Mõõtmete põhjal jääb mulje , et Eesti hobuste turjakõrgus on aja jooksul suurenenud .
Kui muinasaja lõpul oli enamik hobustest turjakõrgusega 128 - 136 sentimeetrit , siis enamiku keskaegsete hobuste turjakõrgus oli 136 - 144 sentimeetrit .
Hilisemates materjalides on mõlema suurusega hobuste luid enam-vähem ühepalju .
See aga ei näita siiski mitte seda , et pärast keskaega oleks hobuste keskmine turjakõrgus uuesti vähenema hakanud .
Põhjus on ilmselt selles , et hobuseluid , mida analüüsida , on väga vähe .
Segavaks asjaoluks võib osutuda ka erinevate luude kasutamine .
Samadel põhjustel ei saa ka muinas- ja keskaegsete hobuste turjakõrgusi täiesti usaldusväärseks pidada ning raske on kindlalt öelda , milline see Eesti hobune neil kaugetel aegadel ikkagi täpselt oli .
Venemaal tehtud uuringute põhjal on selgunud , et sealsete hobuste keskmine turjakõrgus oli Kristuse-eelse 1. aastatuhande lõpus ja 1. aastatuhande alguses p. Kr.
127.2 cm , 1. - 2. aastatuhandel p. Kr. aga 132.6 cm .
Hobuste turjakõrguste vahemik jäi samaks , kuid kõrgemate isendite osatähtsus suurenes .
Võrreldes Venemaaga puuduvad Eesti leidude hulgas väga väikeste ( turjakõrgus 112 - 120 cm ) hobuste luud .
Veelgi väiksemate , turjakõrgusega kuni 112 cm , hobuste luid on saadud Loode-Lätist ja Lielupe jõe basseinist , isendid turjakõrgusega üle 144 cm puudusid seal aga hoopis .
Suurte ja väga suurte hobuste ( turjakõrgus 144 - 160 cm ) luid on suhteliselt vähe nii Eesti kui ka Venemaa leidude hulgas .
Üsna samasugused on hobused olnud ka Rootsis .
Varakeskaegses Lundis oli hobuste turjakõrgus 133 - 152 cm , keskmiselt 143 cm , vendeli- ja viikingiaegses Vallebergis aga 128 - 133 cm .
Skedemosse materjalide põhjal oli hobuste turjakõrgus 116 - 143 cm .
Mis puutub tänapäevasesse eesti hobusesse , siis nende hulgas on väga erineva suurusega isendeid , kõige väiksemaid peetakse kohati Saaremaal ning nende turjakõrgus on 141 - 143 cm .Kirjandust :Eesti talurahva ajalugu .
I köide .
Tallinn 1992 ;Henriku Liivimaa kroonika .
Tallinn 1982 ; Jaanits , L . , Laul , S . , Lõugas , V . , Tõnisson , E . 1982.
Eesti esiajalugu .Tallinn ;Mauring , H . 1988.
Hobusekasvatus ja ratsasport .Tallinn ."
"farmakoloog MARGAREETE OTTERKanepist saadavaid mõnuaineid kasutati Hiinas juba aastal 3000 e. Kr.
Arvatakse , et Hiinast levis kanep Indiasse ja sealt Aafrikasse .
Euroopasse tõid india kanepi kasutamise kombe Napoleoni Egiptuse-sõjakäigult naasnud sõdurid 19. sajandi alguses .
Ameerika kanepi kasutamine levis Kesk-Ameerika indiaanlaste juurest käesoleva sajandi alguses ka Põhja-Ameerikasse .
Just kanep on see taim , millest valmistatakse taolisi narkootilisi aineid , nagu marihuaana ja hašiš .
Kanep on laialt levinud üheaastane kuni 5 - 6 m kõrgune põõsakujuline taim , mis kasvab nii metsikult looduses kui ka kultuurina kogu maailmas .
Laiemalt tuntakse kahte liiki - india kanepit ( Cannabis sativa var . indica ) ja ameerika kanepit ( Cannabis sativa var . americana ) , mida kohalikud elanikud on iidsetest aegadest kasutanud inimese psüühika mõjustamiseks .
Kanepit on kultiveeritud ka kiu saamiseks , seemneid on kasutatud kanepiõli valmistamiseks .
Kanepitaimes on kuni 60 alkaloidi , millest tähtsaim on narkootiliselt aktiivne ( 9delta ) tetrahüdrokannabinool ( THK ) .
Viimast kasutatakse meditsiinis glaukoomi ( rohekae ) raviks , kasvajavastastest ravimitest põhjustatud iivelduse ja oksendamise pärssimiseks ning harva ka langetõve ravis .
Tal on mõningane valuvaigistav toime .
Kanepist valmistatud narkootiliste ainete ( marihuaana , hašiš ) suitsetamisel on tunda eripärast lõhna , mis fikseerub riietele , levib lähiümbruses .
Suitsetamisel avaldub kanepi toime väga kiiresti ( 10 - 30 minutiga ) ja kestab väikeste annuste puhul 2 - 3 tundi .
Esmakordsel kasutamisel , isegi mitmel esimesel korral ei kutsu kanepisaadused esile meeldivat elamust ega head enesetunnet , vaid enamasti põhjustavad koguni negatiivset reaktsiooni .
Harjumuseni jõudmiseks on vaja läbi teha sissejuhatav periood , mille jooksul tuleb üle saada ebamugavatest kogemustest .
Soovitud toimeks on meeleolu tõus , lõbusus , nalja- ja naerutung , eufooria , üldine kehaline mõnutunne , kergus , aja kulg muutub kiiremaks , mõtlemine liikuvamaks , kujutlused värvikateks .
Igapäevased käitumisepidurid kaovad .
Mõõdukad annused muudavad kõne segaseks , tekivad mäluhäired , väheneb õppimisvõime , kontsentreerumisvõime ( liiklusohtlikkus ! ) .
Kanep suurendab söögiisu .
Üleannustamisel tekib hirm , segasus , tugev paanika , ärevus , paranoia ja hallutsinatsioonid .
Pikaajalisel kasutamisel eufooria väheneb , samuti nalja- ja naeruhimu .
Subjektiivselt tunnetab narkomaan mõtlemisvõime erakordset tõusu , ta võimed oleks nagu tohutult kasvanud .
Objektiivselt midagi sellist ei juhtu ja tegelikkuses ta vaid targutab üldiste probleemide ümber .
Narkomaan tunneb nüüd järjest suuremat vajadust eemalduda kaaslastest ja olla omaette .
Ta tahab mõnuleda vaikses meditatsioonis .
Joove kestab 1,5 - 3 tundi ja lõpeb tuimuse , füüsilise ja psüühilise tühjustundega , uimasuse , unisuse ja unega .
Pidev suitsetamine isoleerib ümbrusest .
Kanepisaaduste puhul domineerib psüühiline sõltumus , vähesel määral esineb ka füüsilist .
Isiksus muutub .
Südamehaigused ja kõrge vererõhk on ohuteguriks kanepi suitsetamisel .
Skisofreenia ja depressiooni kulg võib halveneda .
Sperma hulk ja liikuvus väheneb .
Pidurdub ovulatsioon ja loote üsasisene areng , seksuaalne aktiivsus tervikuna , esinevad muutused reproduktiivsüsteemi arengus .
Narkomaanide lapsed on oluliselt lühemat kasvu ja kaaluvad vähem , nad on väga närvilised .
Narkomaanid on ka nakkuste osas vastuvõtlikumad .
Kanepisigarettide põlemisel tekib kolm korda rohkem kantserogeenset tõrva ja viis korda rohkem vingugaasi kui tubaka puhul .
Narkootikumi kasutamine põhjustab kroonilist bronhiiti , hääle kähedust , muutust kopsudes .
Kanepist valmistatud narkootiliste ainete käsitlemine on Eestis keelatud .
Euroopa Liidus on karistus 5 aastat vanglat omamise ja 14 aastat levitamise eest ."
"Akadeemik Jaan Einasto on Tõraveres asuvas Tartu Observatooriumis koos oma kolleegidega Universumi ehituse uurimisel mesilase usinusega tööd teinud üle kahekümne aasta .
Koos Enn Saare ja Ants Kaasikuga avastasid nad tumeda ehk varjatud aine 1 hiidgalaktikate ümber .
Hiljem tuldi välja galaktikate superparvede olemasolu ideega ja seejärel jõuti universumi kärjekujulise ehituseni koos Mihkel Jõeveeruga .
Selle aasta algul ilmus maailma tuntumas loodusteaduste ajakirjas “ Nature ” sellekohane teadusartikkel , mis leidis vastukaja kogu maailma teadusringkondades ja avalikkuse ees .
Artikli autorite hulgas oli neli Eesti teadlast : Jaan Einasto , Erik Tago , Maret Einasto ja Veikko Saar .
Kuhu on Eesti astronoomid koos oma väliskolleegidega Universumi tunnetamisel välja jõudnud , sellest palusime kirjutada Jaan Einastol endal .
Kas Universumis valitseb kord või kaos ?
See on astronoome huvitanud juba ammu .
Meie lähemas ümbruses , Päikesesüsteemis , valitseb kindel kord - planeedid tiirlevad ümber Päikese ja nende liikumist on võimalik aastatuhandeteks ette ennustada .
Ka meie ümbruses olevad tähed liiguvad korrapäraselt ümber Linnutee keskme .
Ulatub selline korrapära veelgi kaugemale ?
1 M. Jõeveer , Jaan Einasto .
Nähtamatu jahil .
“ Horisont ” nr. 4 1975 ;J. Jaaniste .
Kui palju kaalub Universum ?
“ Horisont ” nr. 4 1981 .
Esimene arvamus - juhus - >JAAN EINASTO ( 1929 ) on Tartu Observatooriumi vanemteadur .
Eesti TA akadeemik .Füüsika-matemaatikadoktor .
Varjatud aine ja universumi rakulise ehituse avastaja ."
"meedik HARRI JÄNESInimese kasv on geneetiliselt määratud liigiomane tunnus .
Millises ulatuses kasvamise geneetiline potentsiaal realiseerub , oleneb keskkonnatingimustest .
Kasvamist reguleerib sisenõristussüsteem , eeskätt ajuripats ehk hüpofüüs , mille eessagaras valmib kasvuhormoon ehk somatotropiin .
Erinevalt nii mõnestki teisest hormoonist on somatotropiin liigiomane - ainult see aine mõjutab inimese kasvamist , kusjuures tema toime realiseerimiseks kudedes on vajalik somatomediinide ehk kasvufaktorite kaasmõju .
Somatotropiini kõrval vajab inimene kasvamiseks ka kilpnäärme hormoone , mis korraldavad ainevahetust .
Oluline on sugunäärmete , neerupealiste ja kõhunäärme hormoonide mõju ajuripatsile .
Somatotropiini liigproduktsioon , mis võib olla tingitud näiteks hüpofüüsi tegevust reguleerivate ajuosade talitlushäiretest , põhjustab kasvueas , s.t. enne luude kasvutsoonide luustumist , erakordset suurekasvulisust , hiidsust ehk gigantismi ( meestel üle 2 m , naistel üle 1,9 m ) .
Täiskasvanul põhjustab kasvuhormooni liignõristus liikmehiidsust ehk akromegaaliat , mille puhul käed , jalad , lõualuud , nina , vahel ka keel suurenevad ning ainevahetus ja organismi talitlused häiruvad .
Akromegaalia on pärast kasvuea lõppu pikaldaselt arenev haigus .
Hüpofüüsi kasvuhormooni vaegus toob kaasa kääbuskasvu ehk nanismi ( täiskasvanu alla 1,5 m ) .
Lastel saab ajuripatsi talitlushäirest tingitud kasvupeetust ravida kasvuhormoonipreparaatidega .
Inimese hüpofüüs aga kaalub ainult 0,6 grammi ja sellest õnnestub üsna vähe somatotropiini koguda .
Seetõttu on juba 1982. aastast alates ravi otstarbel kasutatud odavamat tehnogeneetilist somatotropiini .
Seda produtseerivad soolekepikesed , milles on tööle pandud inimese somatotropiini sünteesi korraldavad DNA lõigud .
Praegu ei ole sellest hormoonist enam puudust .
Ajuripatsi talitluse häirest tingitud kääbuskasvu ravi alustatakse võimalikult vara ja see toimub loomuliku kasvamise lõpuni .
Somatotropiini manustamisega saab kasvuhormooni puudusest tingitud lühikest kasvu mõne sentimeetri võrra pikendada .
Lühikasvuliste vanemate ( perekondade ) tervete laste kasvamise ergutamisesse hormooni manustamisega suhtuvad eriteadlased väga pelglikult .
Veel ei ole selge , kuidas see võib lapsi , ka nende kasvamist , mõjutada .
Täiskasvanud inimest somatotropiin pikemaks ei venita .
Ka ei ole võimalik täiskasvanu keha pikkust vähendada .
Kasvamist mõjutavate väliskeskkonnategurite loetelus on esimesel kohal toit , kuid sama tähtsad on päikesevalgus , puhas õhk , kehaline tegevus , emotsionaalne ja hingeline heaolu .
Elutingimuste ja keskkonnaolude paranemisega seostataksegi kasvu suurenemist Euroopas , Põhja-Ameerikas ja Jaapanis .
Kasvamist pidurdavad pikaajalised haigused , kui on häiritud kudede varustamine hapnikuga , näiteks kaasasündinud südamerikked , kopsude väärarengud , raskekujuline kehvveresus .
Need tõved on ravitavad ."
"arstiteadlane ja harrastusajaloolane ILO KÄBINSee on Eesti- ja Liivimaa vanade kaartide ajaloo suurmeisterlik lõputöö aastast 1798 - saksa- ja prantsuskeelne “ Atlas von Livland und Ehstland - Atlas de la Livonie … ” , koostajaks eestimaalane krahv Ludwig August Mellin .
Eesti- ja Liivimaa kaardi koostamine nõudis Mellinilt 16 aastat .
Valminult koosnes atlas 15 kaardilehest suurusega 70x50 cm .
Üldkaardile lisaks sisaldab atlas neli kreiskaarti Läti ja 10 lehte Eesti aladelt .
Mellini kaartide mõõtkavaks oli umbes 1 : 200 000 , kuigi see eri maakondades võis veidi varieeruda .
Mellini kaartidel puudus küll veel täpne geodeetiline alus , kuid need olid võrratult täpsemad kõigist varem ilmunud Liivimaa kaartidest .
Atlase suureks uudsuseks olid ka läti- ja eestikeelsed kohanimed , isegi jõed , järved , sood , veskid jne . , millede koguarv Eesti alal oli umbes 7100.
Mellini atlase üldlehte kaunistab Eesti- ja Liivimaa vappe kandev lendav ingel , järgnevaid lehti illustreerivad eri maakondade vapid ja linnade vaadetega dekoreeritud kartušid .
Nii on Mellini kaart jäänud viimaseks meie kodumaad kujutavaks kaardiks-kunstitööks .
Juba järgmise sajandi alul ilmunud maa- ja merekaardid muutusid asjalik-teaduslikeks dokumentideks .
Ei puudunud palju , et Mellini kartograafiline meistritöö oleks talle endale kalliks maksma läinud .
Tehnilistel põhjustel osutus tema kaartide graveerimine Venemaal võimatuks ja nii toimus see Berliinis .
Seda tõlgendasid aga traditsiooniliselt umbusklikud Vene võimud kui riigireetmist .
Esialgne käsk Mellini vangistamiseks küll tühistati , kuid tema atlas konfiskeeriti ja seetõttu on see muutunud tänapäeval suureks harulduseks .
Läänemaailmas hinnati Mellini monumentaalteost seevastu väga kõrgelt .
Nii valis ta oma liikmeks Hispaania Kuninglik Ajaloo-Geograafia Selts Valladolidis , aga ka Teaduste ning Kaunite Kunstide Instituut Bolognas ."
"Kalevi KullD ' Arcy Thompson ja Max Delbrück , lõppeva sajandi ühed võib-olla huvitavaimad mõtlejad bioloogias , leidsid mõlemad , et bioloogia sai alguse Aristotelesest .
Neid on põhjust tõsiselt võtta , sest nii bakterigeneetikust Nobeli preemia laureaat Delbrück kui ka 1000-leheküljelise raamatu organismide kasvust ja vormist kirjutanud Thompson olid Aristotelese tööde väga head asjatundjad .
Nende vaade loob perspektiivi , mis sadat aastat ideede arengus peab pisikeseks tibaks .
Ent 20. sajand oli siiski bioloogia divergeerumise aeg .
Sündis palju erinevaid lähenemisviise , ilmus ja õitses molekulaarbioloogia .
Aga levis ka ökoloogia .
Molekulaarsed struktuurid , mis elusais olendeis olemas , hakkavad praeguseks juba selgeks saama .
On arvatavasti vähe põhimõtteliselt uut , mis nende struktuuride ehitusis veel leida .
Mitme organismi genoom on tänaseks sekveneeritud , peagi peaks tehtud saama Escherichia coli nukleotiidijärjestus , täiskäigul käimas on inimese genoomi kolme miljardi tähepikkuse teksti üleskirjutamine , ning uue aastatuhande algusaastail peaks seegi töö lõpetatama .
Mõnegi paneb küsima , kui paju saame me targemaks , kui oleme maailma kalleima teadusprojekti abil üles märkinud kõik , mis on ühel hetkel ühe inimese mälus .
Neuraalse mälu üleskirjutamine on arvatavasti järgmise aastatuhande bioloogia võimuses , see peab olema veelgi mahukam , kui geneetilise mälu tekst .
Ent õppetund , mille on andnud töö geneetilise mälu kallal viimase poolsajandi jooksul , lubab teha juba olulisi järeldusi .
Me saame tõepoolest teada , et iga inimene on isemoodi , ning samuti , et mälus on üksjagu inimest ennast kahjustavat , mille võiks kavalate molekulaarkirurgiliste meetoditega sealt välja juurida ja paremaga asendada .
Mäluvead , enesepettuse , teistele valetamise , eellasist tulenevad defektid , agressiivsuse , karjerismi ja patu allikad võiks ju tõesti mikrokirurgiliselt eemaldada .
Ent kuipalju see aitab ?
Edu elu molekulaarstruktuuride mõistmisel on toonud paljud mõtlevad molekulaarbioloogid taas bioloogia vanade probleemide juurde - evolutsioon , orgaaniline vorm , terviklikkus , tähendus .
Kui bioloogilised liigid just parajasti ei divergeeru , siis on nad kaunis stabiilsed , nende tunnused püsivad ja terve aastamiljon liigi eluaega ei pruugi tuua kaasa märgatavaid teisenemisi ei ta liikmete vahelistes suhetes ega ta nõudlust es ümbrusele .
Inimene on ainus liik , kelle omadused kumuleeruvalt muutuvad , kelle iseärasuseks , lausa liigitunnuseks , on tema muutumine , liigistruktuuri evolutsioneerumine .
Selle iseäraliku omaduse sai inimliik endale külge koos süntaksiga- sest lause saab alguse sealt , kus ilmuvad lause liikmed ehk süntaks , ja keel on päris keel sestsaati , kui temas on laused ( mitte vaid märgid ja tähendused , mida leiame paljudel olendeil teistestki liikidest ) , ning just keel on see omandus , mis sünnitas perekonnas Homo liigi sapiens .
Nagu keelte evolutsiooni üks paremaid tundjaid tänapäeval , Derek Bickerton arvab , oli see äkiline , katastroofilise loomuga leid , mis sündis kuskil Aafrikas umbkaudu 100 - 150 tuhat aastat tagasi .
Kõik olulised eeldused olid olemas juba ammu enne- silmad ja käed , sotsiaalsed suhted ja suur keerukas aju - oli veel vaid vaja , et otsad kokku saaks , et tsükkel sulguks , ning see taipamise taoline hetk sai teoks ja keel sündis .
Keel , mille omaja paratamatuks saatuseks sai destabiliseerida Maa ökosüsteem .
Olen kaunis veendunud , et see ei saanudki teis iti minna , ning kui ka kusagil teisel taevakehal on mõni liik omandanud mõistetega opereeriva keele , siis varem või hiljem on ta pidanud silmitsi seisma oma koduplaneedi tasakaalu rikkumisega , sügava hirmuga lõpetada eluslooduse evolutsioon .
Keel annab võimaluse tähendusi esitada .
Oleme jõudnud hetkeni , kus arvutikeelte vahendusel suudame esitada elu tähendust ennast- kompuutrisignaalide sagarais elavad esimesed olendid , keda kõigi funktsionaalsete kriteeriumide järgi ei saa liigitada muuks kui elusaiks .
Kui keele ilmumine viis lõpuks Maa tasakaalust välja- siis ehk peitub ökoloogilise katastroofi vältimise teegi keeles - põhimõttelises muudatuses keele kasutamise viisis .
Kuna ma ei usu , et me loobume teadmiste täiendamisest , siis järelikult ei ole see mitte primitiivsemaks muutumise tee .
Seepärast siis oletangi , et uuel sajandil bioloogid ja lingvistid teineteiselt tuge otsima hakkavad .
Ning miks mitte koguni nii , et füüsikud kui filosoofid nende pingutusi ja ehitust omaks hakkavad pidama .
Kas pole meeldiv perspektiiv ?
Lootusetu , huvitav , tundmatu ja pühendumisväärne ühtaegu .
Mälutekstid nõuavad lugejat .
Keskkonnaprobleemid subjekti keerukat struktuuri .
Teoreetilisel bioloogial oli sel sajandil kaks lainet , kaks kuldaega- 1920 - 1930 ning 1960 - 1970.
Neil perioodidel sündis enamik uusi ajakirju ja selle ala organisatsioone , õppetoole ja instituute , samuti ilmus siis bioloogia teooria jaoks olulisi uusi ideid pakkuvaid raamatuid rohkem kui enne või pärast .
Ju võib nüüd pärast aastatuhandevahetust uut tõusuaega oodata .
Võiks ju uskuda , et bioloogia saab taas kokku , et diferentseerumise ja ekstensiivse arengu etapile järgneb ühendamispüüdude populaarsuse periood .
Elunähtuste matemaatiline modelleerimine on seni veel ikka limiteeritud arvutivõimsustega .
Et näha , kuidas kujuneb orgaaniline vorm , kuidas töötavad morfogeneesimehhanismid , s.t. kuidas on võimalik organismide keerukas ku ju , on tarvis teha arvutusi kolmemõõtmelises ruumis .
See on ülesanne , mis vajab järgmist arvutitepõlvkonda , võrreldes nendega , mis praegu teadlaste kabinettides laual .
Ent niipea , kui paljud bioloogid ühtaegu selle ülesande kallale asuda saavad oma arvutitega , peaks see bioloogia nägu üksjagu muutma .
Elu mõistmine ründab järjest jõulisemalt mõistvat elu .
Bioloogide püüded oma vahenditega lahendada keha ja vaimu dualismi sagenevad juba praegu jõudsalt- et mitte öelda- jälle .
See aga tähendab , et filosoofia tuleb tagasi bioloogiasse .
Ja bioloogia läheb filosoofiasse .
Teaduse põhi muutub inimkaugemaks , inimene aga puutub järjest enam kokku teaduse pinnaga .
Pinnaga , mis näeb välja nagu kompuutri värviline ekraan , petlikult peites kõik , mis on tema taga .
Pealegi , nagu ütles bioloog ja filosoof Peter Medawar : “ Inimaju kohtleb uut ideed samamoodi nagu keha võõrast valku- ta tõukab ta ära . ”Neid tendentse märgates ja neis loodetavate lahenduste lootusetust ning petlikkust tajudes ei sära tuleva saja teadus just eriti sümpaatsena .
Kas leidub lahendus ?
Ma ei tea .
Lootusetus olukorras elada ja loota on nii inimomane .
Lisaks võimele tajuda rõõmu , on meil ja ka meel traagika tarvis .
Tahaks tänada Richard Villems'it , kes oma jutuga mõnegi toodud mõtte selgemale sõnastusele aitas .
KALEVI KULL ( 1952 ) on Tartu Ülikooli ökofüsioloogia õppetooli professor ja TA Zooloogia ja Botaanika Instituudi teadur ."
"arstiteadlane ja harrastusajaloolane ILO KÄBINSteriliseeritud kummikinnaste kasutuselevõtt on sündmus , millest tänavu möödub 100 aastat , ja mis on kõige otsesemalt seotud Eesti arstiteaduse saavutustega .
Asjalood ise olid järgmised .
Keilast pärit ning Tartus arstiteadust õppinud dr. Woldemar Fickist oli 1897. aastaks saanud teise Eestimaa mehe , tolleaegse Tartu kirurgi , privaatdotsent Werner Zoege von Manteuffeli assistent .
Kord ühel raskel operatsioonil pidi ta kõrvale jääma , sest tema käele tekkinud furunkul võinuks tekitada kardetava infektsiooni operatsioonihaavas .
Asendav noor arst aga osutus ebakompetentseks ning kannatamatuks muutunud Z . von Manteuffel hüüdnud W. Fickile : “ Keetke kiiresti lahangukindad , tõmmake need kätte ja tulge assisteerima !
” Vaevalt sel hetkel keegi kohalviibijaist mõistis , et tegemist oli pöördelise sündmusega arstiteaduse ajaloos .
Kui , siis ehk Z . von Manteuffel ise , kes veel samal aastal avaldas ülevaate kuumusega steriliseeritud kummikinnastest .
Kirjutises toodi välja steriliseeritud kummikinnaste eelised ning nimetati neid keedetud käeks .
Z . von Manteuffel lisas , et taoliselt steriliseeritud kindad tuleb alati käepärast hoida ja seda ei pea tegema ainult kirurgid , vaid ka maa-arstid .
Ent ta möönis , et tema soovitatud kinnaste kasutamisel pikeneb operatsiooni aeg 5 - 10 minutit .
Eriti kõrge hinnangu Z . von Manteuffeli avastusele olevat andnud tema kaasaegne , tuntud Austria kirurg Anton von Eiselsberg oma ütlusega : “ Et tulla niisugusele mõttele , peab olema geenius nagu Z . von Manteuffel . ”Võib väita , et Z . von Manteuffel sattus oma keedetud käe mõttele juhuslikult - poleks tema assistendil parasjagu furunkulit käe peal olnud , eks oleks siis keegi teine tulnud mõttele , et kirurg peab opereerides steriliseeritud kummikindaid kasutama .
On isegi omaette ime , et keegi varem niisugusele mõttele ei olnud jõudnud , sest probleem oli ju ammu õhus rippunud .
Anglosaksi autorid rõhutavad ameeriklase William Halstedi tähtsust , kes Baltimore'is juba 1890 kummikindaid kasutas .
Kuid ameerika kirurg varustas kummikinnastega vaid assisteeriva õe , et vältida sublimaadist tingitud ekseemi tolle kätel .
Kindad polnud ka steriliseeritud ning nende kasutamise kohta ei avaldatud ühtki artiklit .
Üks Halstedi assistente on hiljem kirjutanud , et too ei mõistnud ise kunagi kummikinnaste tõelist tähendust .
Euroopaski tegelesid mitmed nimekad kirurgid kinnaste küsimusega , sest bakterioloogilised uurimused olid vahepeal tõestanud , et paljaid käsi on võimatu täiesti puhtaks saada .
Breslau kirurg Johann Mikulicz katsetas näiteks niidist ja Leipzigi arst Georg Perthes siidist kindaid , kuid selgus , et neidki ei saanud täielikult steriliseerida .
Z . von Manteuffeli avastus võeti esialgu suure kahtlusega vastu .
1898. aastal kirurgide kongressil Saksamaal väitis avastaja ise , et kummikindad jäävad alatiseks püsima .
Aeg näitas , et suurel Tartu kirurgil oli õigus ."
"ajaloolane HEINO GUSTAVSONLääne-Euroopas ollakse kindlad , et esimest korda oli jõulupuu avalikul väljakul püsti aastal 1604.
Seda kaunistatud kuuske võis imetleda Saksamaal .
Kuid võtkem kapist tüse teos , millel kirjas “ Liivimaa provintsi kroonika … lühidalt ja uskumisväärselt kirja pannud Balthasar Rüssow revaliensis … ” , 1584.
Sealt loeme : Nii ajasid kodanikud ka talviti jõulupühadel ja vastlapäeval oma gilditubades ja sellid oma kampades suurt priiskamist taga .
Ja pärast kaubasellide joomaaja lõppu ajasid nad paastuajal suure , kõrge , hulga roosidega ehitud kuuse turul püsti ja läksid vastu õhtut üsna hilja sinna karja naiste ja piigadega , laulsid ja tantsisid seal esmalt ja süütasid seepeale puu , mis pimedas vägevasti lõõmas .
Siis võtsid sellid teineteisel käest kinni ja hüplesid ja tantsisid paariviisi ümber puu ja tule , kusjuures ka tulevärgimeestel suuremaks toreduseks tuli rakette õhku lasta …Kirjeldatav toimus vahetult enne Vene-Liivi sõda , mis algas aastal 1558.
Nii et oli jõuluaeg , Raekoja platsil ehk Suurturul seisis püsti suur kuusk , kaunistatud roosidega .
Ja seda vähemalt 47 aastat varem kui Saksamaal !"
"farmakoloog MARGAREETE OTTERMarihuaana on kanepi emastaimede kuivatatud ning peenestatud ladvad ja õisikuosad .
Droog võib sisaldada ka varretükikesi ja seemneid .
Marihuaana võib esineda erineva kuju ja suurusega tükkide või plaatidena .
Ta värvus varieerub kollakasrohelisest pruunikani , aroomi määrab aga partii vanus ( vastavalt siis kas meeldiv heina , niiske mulla või kõdunevate taimede lõhn ) .
Narkootiliselt aktiivse aine ( 9delta ) tetrahüdrokannabinooli ( THK ) sisaldus sõltub taime kasvukoha temperatuurist ja aastaajast , tavaliselt on see 1% -2% kuni 12% .
Marihuaanat harilikult suitsetatakse ( puhtal kujul või segatuna tubakaga ) .
THK sisaldus tänavasigarettides varieerub 0,15 mg kuni 41 mg , kusjuures 5 mg sigareti kohta on minimaalne kogus , mille puhul esineb narkootiline toime .
Marihuaana hüüdnimed Eestis on travka , trava , anaša , smail .
See on kõige levinum sõltumusaine , millega tihti alustavad hilisemad narkomaanid ."
"meedik HARRI JÄNESMelatoniin on inimese ja teiste selgroogsete pea- , täpsemalt vaheajus paiknevas väikeses ( mass 0,16 g ) käbikehas moodustuv hormoon , mille teke valguse mõjul väheneb , pimeduses aga suureneb .
Melatoniin avastati 1959. aastal tänu asjaolule , et ta pleegitas katsekonna nahka , kaotades pigmentrakke melanotsüüte ergutava hormooni toimeefekti .
Huvitaval kombel on melatoniiniga seni õnnestunud pleegitada ainult konna nahka .
Loomkatsed on tõestanud , et melatoniin pidurdab mitmesugustel loomaliikidel sugunäärmete arengut ja talitlust mõlema soo esindajatel .
Aastail 1960 - 1970 oli see hormooni toime uurijate tähelepanu keskmes .
Kuid senised pingutused , kasutada melatoniini inimesel eostamisvastase ainena , pole kandnud vilja .
Melatoniini manustamine mõjub katseloomadele samamoodi kui käbikehast pimeduse saabudes verre nõristuv hormoon .
Kuid valguse ja pimeduse vaheldumisel toimib melatoniin ainult teataval kindlal ajal .
Sellest tõsiasjast lähtudes hakati arutama , kas ja kuidas melatoniin edastab infot välisvalgusest organismi sisemisele kellale , mis reguleerib tsirkadiaanseid ( ööpäevalähedasi ) biorütme .
Oletati , et melatoniini tarvitamine peaks pärast Atlandi ookeani ületamist lennukiga hõlbustama organismi sisemise kella reguleerimist uuele kohalikule ajale .
Üksikud tähelepanekud kõnelevad tõepoolest melatoniini soodsast mõjust , kuid seni pole teada , millist kahju teeb organismi loomuliku kohanemisprotsessi häirimine ajavööndite vaheldumisel .
Väikesemahuliste uuringutega on kindlaks tehtud ka melatoniini uinumist soodustav toime .
Organismis moodustub melatoniin aminohappest trüptofaanist , mis 1980. aastail sai n.-ö. bioloogilise uinutina suure menu osaliseks , kuid üheksa aastat hiljem kõrvaldati turult raskekujuliste kõrvaltoimete tõttu ( näiteks Saksamaal ) .
Nüüd on teada , et need olid tingitud mitte trüptofaanist , vaid lisanditest , mis jäid trüptofaani tootmisel kõrvaldamata .
Kuid see hoiatav juhtum mainitseb ikkagi ettevaatusele .
Viimane melatoniini-uudis ütleb , et see hormoon olevat igavese nooruse allikas , s.t. pikendavat eluiga .
Nii on järeldatud üheainsa katsehiirtel tehtud uuringu põhjal , mille tulemusi õhinal tutvustasid USA nädalakiri “ Newsweek ” , saksa ajakiri “ Focus ” ja eratelekanal SAT 1.
Kuid ammu on selge , et ühekordne katse ühel loomaliigil ei võimalda eksperimendi tulemusi inimesele üle kanda .
USAs on keele alla asetatavad melatoniinitabletid loodustoodetena vabamüügil , aga näiteks Saksamaal ei ole selle preparaadi kaubastamine veel lubatud .
Melatoniini kasutamise võimalused ravimina vajavad veel tõsist uurimist ."
"Vanasti ei pidanud ungarlased teisi lõbustava pillimehe ametit eriti auväärseks .
Seetõttu olid nood enamasti muust rahvusest , kuigi nad ungari viise mängisid .
Ungari talupoegadest koosnevad külaansamblid tekkisid alles 19. sajandi lõpus .
Türklaste vallutuste ajal tuli Ungarisse palju mustlasi , hiljem said just nemad põhilisteks pidude pillimeesteks .
Tänapäeval tuntud mustlasansambel kujunes välja 18. sajandi teisel poolel .
Ansambli n.-ö. tuumaks on neli pilli : viiul , altviiul , simbel ja kontrabass .
Ansambli liikmete hulga suurenedes oleks viiendaks pilliks teine viiul , kuuendaks veel üks altviiul , alles seitsmenda või kaheksandana liituks klarnet või tello .
Sellise ansambli repertuaar koosneb peamiselt ungari viisidest ja taardaidest , maal mängitakse palju ka rahvalaulu viise .
millised on ungarlased ?EDA LEUSKA"
"Varaseimad hõimud praegustel Ungari aladel olid frangid , illüürlased ja keldid .
Suure rahvasterände perioodil asusid sinna germaani ja turgi rahvad hunnid , avaarid , gootid , hepiidid , aga ka slaavlased .
Ka paleoantropoloogilised leiud 6. - 8. sajandist ehk nn. avaaride perioodist kõnelevad , et Kesk-Doonau madalikku asustas tollal mitmekesine rahvastik .
9. sajandi viimasel veerandil ületasid ungarlased Karpaadid .
Milline oli aga ungarlaste antropoloogiline kujunemislugu enne , kui nad hõivasid Karpaatia tasandiku ?
Arvatakse , et ungarlaste juured on Kagu-Uuralites .
Viimaste aastate uurimused näitavad , et kranioloogiliste tunnuste ehk kolju kuju poolest sarnanesid maahõive aja ( 9. ja 10. sajandi ) ungarlased kõige enam europiidsetele sarmaatidele ja saromaatidele , kes elasid Põhja-Kaspia piirkonnas .
Samal ajal erinesid nad märkimisväärselt näiteks Lääne-Siberi , Kaama ja Lõuna-Uurali rahvastest ning Kasahstani turgi rahvastest .
On huvitav , et ungarlased , kes oma aastasadu kestnud teekonnal puutusid kokku paljude erinevate hõimudega ning koguni elasid pikka aega turgi rahvaste ( kasaaride , avaaride , ogurite ) valitsuse all , jõudsid Karpaatia basseini , ilma et ükski neist oleks oluliselt mõjutanud ungarlaste antropoloogilist tüüpi .
Ungari paleoantropoloogid arvavad , et ungarlastele omane europiidne tüüp kujunes rauaaja esimesel poolel , umbes 700 aasta jooksul Põhja-Kaukaasias , kus elas koos palju hõime , kel olid sarnased morfoloogilised tunnused .
Aga ungarlane kui soome-ugrilane ?
Ungarlaste päritolu ja seoseid teiste rahvastega on viimastel aastakümnetel uuritud mitmete erinevate bioloogiliste meetoditega .
Soome-ugri rahvaste odontoloogilised tunnused ehk hammaste kuju on väga omapärane , nimelt esinevad siin sageli koos lääne- ja idatunnused , mida vahel nimetatakse ka europiidseteks ja mongoliidseteks .
Vaadeldes ungarlasi odontoloogilisel soome-ugri skaalal , mille keskel asuvad permi-komid , selgub , et ungarlased on hammaste poolest lähedased vepslastele , karjalastele , permi-komidele ja kagu-soomlastele .
( Taga-Karpaatia ungarlased jäävad sellest soome-ugri n.-ö. keskmest kaugemale , sest nende odontoloogilises kompleksis on keskeuroopa mõju tunduvalt suurem . )Soome-ugri rahvad kõnelevad küll üht päritolu keelt , kuid nende rassilised omadused erinevad suuresti .
Nii dermatoglüüfika ( antropoloogia haru , mis tegeleb peopesa ja jalatalla ning sõrmede ja varbapäkkade papillaarkurdude ehk dermatoglüüfide ja nende mustrite uurimisega ) , biokeemiliste ja immunoloogiliste iseärasuste kui ka vererühmade esinemissageduste põhjal ehk siis erinevate geneetiliste näitajate järgi on soome-ugri rahvaste seas kaks rühmitust : ühed , kel on rohkem europiidseid omadusi ning teised , keda iseloomustavad sagedamini idatunnused .
Ungarlased kuuluvad koos soomlaste , eestlaste , vepslaste , karjalaste , komide ja maridega europiidsesse rühmitusse .
Teiste Euroopa rahvastega võrreldes on ungarlane vererühmade esinemissageduste järgi sarnane nii slaavi keeli kõnelevate rahvastega kui loomulikult ka eestlaste ja soomlastega ning teatud määral ka balti keeli kõnelevate lätlaste ja leedulastega .
Seega võib nende andmete põhjal öelda , et tänapäeva ungarlane on tüüpiline idaeurooplane , kelle juured tõepoolest soome-ugri päritolu , kuid kelle kujunemisel on teatud roll ka tema praegustel naaberrahvastel ning loomulikult ka hõimudel , kes elasid Karpaatia basseinis enne ungarlaste saabumist .
Milline on tänapäeva ungarlane ?
Keskmist või veidi üle keskmist kasvu , heleda nahaga , enamasti pruunide või rohekaspruunide silmadega ( on ka heledamasilmsemaid ) , pruunide või mustjaspruunide juustega ( on ka heledapäisemaid ) .
Ungarlased on suhteliselt ümara näoga , nagu enamus soome-ugri rahvaid , nina on neil aga sagedamini sirge profiiliga kui teistel sugulasrahvastel , kellel esineb rohkem nõgusat ninaselga .
Loomulikult esinevad Ungaris paikkondlikud eripärad , vastavalt sellele , milline etniline rühmitus peale ungarlaste on kohaliku rahvastiku kujunemisest osa võtnud .
On alasid , kus esineb sagedamini turgi ( s.h. türgi ) mõju või germaani või hoopis slaavi oma , sest Karpaatia tasandik kui karjakasvatuseks ja maaviljeluseks soodne ala oli asustatud juba enne ungarlaste saabumist .
miks tantsisid ungarlased mustlaste pillide järgi ?RAILI ALLMÄE"
"VELJO SINIVEELehitsedes järjekordset “ Wired Magazine “ elektroonset numbrit sattusin huvitavale tööpakkumisele ( aadressil ) - nimelt vajati loomaaedade planeerijat .
Siit tekkis mõte uurida , kuidas on võrgus loomaaiad kajastatud ja mis elukaid seal eksponeeritakse .Mõeldud-tehtud .
Kohvi ( see Net'is uitaja jõujook ) keemamineku ajaks oli Altavista otsingurobot jõudnud juba üsna suure hulga kodulehekülgi omavaid zooparke ja nende aadresse välja nuhkida .
Esimesena hakkas nimekirjas silma TheElectronic Zoo .
Igati “ võrgusõbralik nimi ja asub kah üsna “ lähedal ” : .
Lehekülg sisaldab terve pinu loodusealast teavet ja otsinguroboti , mis ei pahanda isegi siis , kui esitada igasuguseid loomadesse mittepuutuvaid küsimusi .
Serveri suurim väärtus on siiski veterinaarinfo .
Teavet on nii ( kodu- ) loomade hoidmisest , ravimisest kui ka õigest toitmisest .
Üsna populaarne koht - tervelt 650 000 külastust aasta jooksul .
Vaataks , mida seal soovitatakse teha , kui kass ennast liiga paksuks söönud on …Kooli geograafiatundidest on uduselt meelde jäänud fakt , et kõige eriskummalisemad loomad elavad Austraalias .
Kuid nagu kiuste ei tulnud selle mandri infoserveritest mitte poolt baitigi - isegi tungiva nõudmise peale mitte .
Vahest on haikalad suure näljaga kaablid ära söönud või ehk on mõne sõbraliku riigi allveelaev traatidesse takerdunud ?
Jätame sidetehnikud liine puhtaks rookima ja siirdume hoopistükkis Ameerikasse , kus on asutus nimegaNew England Aquarium .
Kuigi seal hoitakse ka maismaa loomi , on paik kuulus eelkõige oma akvaariumide poolest .
Tervelt seitsmekümnes neist eksponeeritakse nii soolase- kui mageveeelukaid , troopikavete kalu , luminestseeruvaid kalu jne .
Huvitavaim eksponaat on kindlasti tohutusuur Ookeani Akvaarium , GiantOceanTank , milles on edukalt imiteeritud Kariibi mere korallrahu elukeskkonda .
“ Rahvaloenduse ” andmetel asustab suure akvaariumi koopaid rohkem kui 700 elusolendit .
Parim võimalus paiga vaatamisväärsustega tutvumiseks on palgata giid aadressilt .
Kuigi Ameerika kliima pole nii rõske ja külm kui vanal heal Inglismaal , liigume nüüd edasi mõnda tunduvalt soojemasse paika - näiteks Havaile .
Sealsel päikeselisel Oahu saarel asubWaikiki Akvaarium .
Too Havai ülikoolile kuuluv asutus sai valmis aastal 1904 ja on seega USAs vanuselt kolmas .
Nii soliidne paik on seadnud endale vähemalt sama soliidse ülesande - aidata igas vanuses inimesi mõista ja armastada loodust üldse ning mereasukaid eriti .
Inglise keeles kõlab see veidi ilusamini .
Asutus on keskendunud troopiliste eluvormide kogumisele ja demonstreerimisele - neid on seal üle 326 eri liigi .
Esindatud on ka haruldased või väljasuremisohus liigid .
Muu hulgas on Waikikil ka ( ehkki mitte eksponaatide seas ) naljahambast arvutimehed .
Vastukaaluks paljudel kodukülgedel uhkeldavale under construction ( alles ehitamisel ) märgile , teatavad nemad uhkelt , et asutuse akvaariumi lehekülg on under destruction ( alles hävitamisel ) .
Sellega tahetakse öelda , et härradel on kavas disainida uhkem website …Niisiis kui tahate olla üks umbes 370000 külalisest aastas , põigake sisse aadressile .
Jätame nüüd haikalad , hula-hulad ja muud säärased asjad Havai vetesse hulpima ning külastame enne järgmist pikemat peatuspaika põgusalt sellist kohta nagu Dallas .
Sealne loomaaed ei erine väga teistest sarnastest : samanimelist seebikat seal ( vist ) ei näidata ja tal on ka oma kodulehekülg Internetis ( ) nagu teistelgi suurtel loomaaedadel .
Silma hakkav on hoopiski pealeheküljel asuv viit pud-padi müügi kioskile .
Selgub , et peale tavalise träni ( filmid , kaamerad , dressid jne ) pakutakse ka loomade topiseid .
Ega ometi … ?
Kiviviske kaugusel asub Pueblo loomaaed , kus teiste eksponaatide kõrval võib näha ka Põhja-Ameerika haruldast imetajat - mustakoivalist küüliku- ehk jahituhkrut .
Huvitava väljapaneku kõrval on Pueblo Zool veelgi huvitavam soovilehekülg , kus kirjas kõik , mida lahked külastajad loomaaiale annetada võiksid .
Heakene küll , muruniitjad , kruvid ja poldid , noad , kahvlid ning vanad käterätikud on asjad , mille vajalikkus on veel kuidagi mõistetav .
Kuid mida teevad loomad ratastoolidega ? !
Kui teil sellised asjad üle on , helistage telefonil 719 - 5661 - 1452 , sest andmise rõõm pidi see kõige suurem rõõm olema ( mitte kahjurõõm ! ) .
Muude eksponaatide / soovidega saab tutvuda aadressil .
Kui me juba korra Ameerikasse sattusime , käime ära ka Seattle'is .SealneSeattle Aquarium on igati vahva koht külastamiseks .
Internetti pidi sissepugejatest on eelistatumad need , kelle arvutid on varustatud helikaardiga ( ja omanikud ise suurema kannatusega - helifailid tilguvad kohale aeglaselt ) .
Veealuse võlumaailma helisid saab kuulata ja imesid näha aadressil .
Pildil näha oleva viimase viida Entertainment at the Aquarium all pakutakse üsna unikaalset teenust .
Nimelt võib igaüks soovi korral korraldada hoones oma piduliku vastuvõtu , pidada pulmad vms .
Pidu ( mere- ) tähtede keskel ei maksa suurt midagi : umbes 300 $ ( esmaspäevast kolmapäevani ) ja 600 taala muudel nädalapäevadelReisi lõpetuseks tasuks külastada Tallinna loomaaeda ( ) .
Mine vaata , kus rotid elavad !
Peale hästi kujundatud kodukülje on nimetatud paigal veel üks suur pluss - sinna saab peale interneti transpordi ligi ka meie paljukirutud ühiskondliku transpordiga ( näiteks trolliga ) .
Ostke pere- või muu pilet ja astuge läbi , sest oma silm on kuningas .
Kõik kassisõbrad teavad , et nende lemmikud on maailma targeimad loomad !
Kuid kas teie kiisu oskab rääkida ?
Nojah , minu oma kah ainult kräunub kumeda häälega , kuid Casper oskab !
Kass elab aadressil ja kui teie arvutis on soundikaart , võite kuulda Casperit näugumas : “ on sul kala ka taskus või tulid lihtsalt mind vaatama ” .
VELJO SINIVEE ( 1964 ) on Tallinna Tehnikaülikooli füüsika instituudi elektroonikainsener ( e-post : felc@edu.ttu.ee ) ."
"Veljo SiniveeSedapuhku reisime madjarite maale Ungarisse .
Ei , kallistele keelekursustele pole vaja registreeruda .
Sõidame , nagu ikka , hiireklõpsude saatel mugavasti oma tugitoolis , klaviatuur süles ja kohvitass käes .
Kuigi õige tunde saamiseks võiks reisiks tellida originaalse “ Ikarus ” bussi , kasutame seekord transpordivahendina siiski Interneti sidepakette -- neid ei saa kuidagi suvise ahjukütusega tankida .
Muide , kohalikus pressis ( ajakiri “ The Budapest Sun ” ) väidab “ Ikaruse ” president Gábor Szeles isiklikult , et firmal läheb oma ( toodangu ) endise hiilguse taastamiseks veel veidi aega .
Ei ole mõtet neid kiirustama sundida .
Niisiis , diaalime ( see sõna pole ungari keeles vaid arvutislängis , eestikeelse vaste leiab võib-olla aadressilt ) end oma serveri külge , võtame mugavama asendi , ja vajutame enter'ile .
“ Ametliku ”Ungari kodukülje leiab aadressilt .
Esiteks võiks vaadata ega mõni pisuke tormike pole Ungarimaal ringi luusimas ja turiste kimbutamas .
Virtuaalseid rändureid see ehk ei puuduta , kuid teravate elamuste otsijaid küll .
Kohaliku ilmaennustuse saab lehelt -- paraku kohalikus keeles .
Kui sugulaskeelse kirjatüki dekodeerimine raskeks läheb , võib appi hüüda keeletarga ( ) .
Kodulehekülje alguses on muhe elektroonne maakaart .
Klõpsides hiirega meid huvitaval kohal , manatakse ekraanile kohe selle paiga kohta käiv info -- lühike ülevaade ajaloost , hulganisti ilusaid pildikesi ja isegi teave sellest , millise transpordivahendiga on kõige parem külla tulla .
Vajutus mõnele kaardil olevale punasele kolmnurgale aga loetleb kõikide antud maakonnas olevate infoserverite aadressid ja “ tegevusalad ” .
On giide , kes puistavad oma grupi turistid alguses üle terve faktide laviiniga .
Meie veetlev elektroonne teejuht pole muidugi mingi erand : kodulehekülje lõpupoole on viit nimega facts , millele vajutamisel pritsitakse ekraan täis kõikvõimalikke Ungarisse ja ungarlastesse puutuvaid numbreid .
Huvitav on teada , et lisaks 10 miljonile “ koduungarlasele ” elab muudes maades veel umbes 5 miljonit ungarlast -- ligi pool rahvastikust !
Loomulikult saab infolehelt kuulata ka Ungari hümni ( fail anthem . html ) .
Kui sellest veel ei piisa , võib hankida lisa CIA vastavast ( sala- ? ) andmebaasist ( ) !
Võrgust leiab ka sellist infot millest giidid tavaliselt ei räägi .
Kuigi see teema on ehk minetanud oma aktuaalsuse , on siiski huvitav uurida , kus asus näiteks Vene sõjaväebaas , nimega “ József Attila Laktanya ” , või millega seal tegeldi .
Ungaris olnud Vene väeosade kohta on BICC jaoks 1996. aastal koostatud üksikasjalik ülevaade , mille saab kätte , ilma et peaks eriline häkker olema .
Piisab , kui togida klaviatuurilt sisse aadress .
Nüüd aga tervitab rändureid maa pealinna --Budapesti infoserver ( ) .
Hakkab silma , et tekst on kirjutatud asjatundjate poolt : küllap tuleks meilegi turiste rohkem , kui neid nii soojade sõnadega vastu võetaks .
Doonau voolab tervelt 28 km oma teest Budapesti “ müüride vahel ” .
Ei tea öelda , kuidas seal ujumisega lood on , kuid ilus näeb too jõgi välja küll .
Ühtlasi avaneb hea võimalus teha väikejalutuskäik enne muuseumide möllu sukeldumist .
Loomulikult pakub Budapesti server küberruumi ränduritele ka linna kaardi .
Kõiki kohti ei pea siiski ise läbi käima .
Viida Cinema Hall alt saab laadida oma arvutisse ja vaadata filmikesi näiteks sellest , kuidas näeb linn välja Gellerti mäelt vaadatuna , liikluspilti Chaini sillal , vaadet ilusale sinisele Doonaule jne .
Kuid -- ettevaatust !
Mpeg -- formaadis failid on hirmus pikad ja tilguvad kohale tundide kaupa !Jess !
hõõruvad telefonikompanii mehed käsi arve numbreid lugedes -- elagu WWW ( world wide wait ) … : )Mis puutub ilusasse sinisesse Doonausse , siis sellenimelist lugu ja ka muu temaatilise muusika faile saab ( “ tõmmata ” / kuulata ) näiteks viida Musical Selection alt .
Ungari on kuulus oma hea köögi poolest .
Traditsioonilised söögid on väga maitsvad ja vürtsised .
Kui juba maa oma server hoiatab mõnede toitudega liialdamast , tasub head nõu ilmselt kuulata !
Paprika ja küüslaugu sõpradel tasuks külastada väikest Doonau-äärset Kalocsa linnakest sügisel .
Siis pidavat majade valgetel seintel rippuvad punased paprikad eriti maalilist vaatepilti pakkuma .
Ja mis hõrku roogi neist valmistada saab ( vt . fail / cuisine / cuisine . html ) .
Kahjuks polnud paremate palade retsepte sisaldav Interneti lehekülg selle loo kirjutamise ajal veel valmis , kuid jookide oma ( viit samal leheküljel ) oli seda enam .
Ühendamaks kasulikku meeldivaga on segude segamisõpetuse kõrval ära toodud ka veidi taustainfot veinidest üldse ja Ungari omadest eriti .
Üks , mis arvatavasti kõigil madjaritest rääkides meenub , on autovõidusõit ja Hungaroring .
Mõistagi on nii tähtis asi ka Net'i “ üles pandud ” -- ja mitte ainult maa enda kodulehekülgedel .
1996. aasta Grand Prix'i tulemusi ja pilootide kommentaare saab lugeda muu hulgas ka aadressilt .
Üks tore , veidi autokooli meenutav , lehekülg asub paigas “ nimega ” .
Seal kirjeldatakse põhjalikult vormelite juhtimist ja jagatakse näpunäiteid rajal püsimiseks .
Kindlasti on kasulik teada et kui kaotate 300 km tunnikiirusel vasakkurvi võttes kontrolli oma vormeli üle , võib viga olla kulunud või liiga külmades kummides .
“ Ungarlased on tulnukad !
“ , naljatasid teadlased kunagi Los Alamose tuumalaborites New Mexicos .
Samuti väidab ka Ungari valitsuse kodukülg ( ) .
Selgub , et suur hulk füüsikuid , kes USAs tuumapommi projekti kallal töötasid , olid madjarid ( ka Teller , Szilárd , von Neumann ) .
Oli selle anekdoodi põhjuseks siis ungarlaste kultuuriline erinevus või miskit muud , on raske öelda , kuid mingid eri sotid neil tulnukate ja UFOdega ikkagi on .
Vähemasti lehekülje sisu eest vastutava Glenn Campbelli arvates .
Absoluutse tõena ei tasu kirjeldatavat ehk võtta , kuid ikkagi on põnev lugeda näiteks ühe endise USA inseneri mälestusi töötamisest tulnukate laeva ehitamise kallal : ta väidab , et osa dokumentidest olid “ kõrgemas ungari keeles ” .
Või saada osa vaidlustest rahva päritolu üle -- see pidi kah veidi müstiline olema .
Või siis lobiseda madjarite oma ufoloogidega .
UFOdega pidi olema sama lugu , mis töökorras Vene värviteleritegagi : kõik ütlevad , et asi on põhimõtteliselt võimalik , kuid keegi pole oma silmaga näinud .
Mainitud koduküljel pakutakse näha ka ( vt. viit Photos ) !
Siinkohal kaks Ungari Neti'i aadressi tulnukate fännidele : grupp uurib hoolega antigravitatsiooni ; on küll ungari keeles .
Nende lugejatega , kes ei lase tulnukatel end kaasa meelitada , kohtume jälle järgmises “ Horisondi ” numbris .
Head “ võrgutamist ” !
VELJO SINIVEE ( 1964 ) on Tallinna Tehnikaülikooli füüsika instituudi elektroonikainsener ( e-post : felc@edu.ttu.ee ) ."
"meedik HARRI JÄNESAllergia on organismi ülitundlikkus mingi teguri , kõige sagedamini kehavõõra aine , eriti võõrvalgu ( allergeeni ) suhtes .
Pärast esmakordset kokkupuudet allergeeniga tekivad organismis antikehad , mis koosnevad globuliinide hulka kuuluvast valgust .
Allergeeni ja antikeha korduval kokkupuutumisel vallandubki ülitundlikkusest tingitud allergiline reaktsioon .
Sel juhul allergeen ühineb rakkude pinnale kinnitunud antikehadega , rakk kahjustub ja temast väljuvad bioloogiliselt aktiivsed ained häirivad paljude elundite talitlust .
Nikkel ja nikliühendid ei põhjusta organismis antikehade tekkimist , kuigi nad võivad nendega reageerida .
Antikehade moodustumise saab nikkel esile kutsuda alles pärast seda , kui ta on liitunud mõne teise , tavaliselt valgumolekuliga , mis toimib nagu nikli kandur .
Samasuguselt , s.t. organismi valkudega liitudes muutuvad allergeenseteks ka penitsilliin jt. ravimid , osa maomürke ( näiteks eefa ) , juuksevärv parafenüleendiamiin jne .
Nikliallergiat esineb sageli nikeldajatel , kellel esialgu tekib nahapõletik , mis kiiresti muutub ekseemiks .
Lööve võib areneda ka rõivastega kaetud kehaosadel .
Nikliallergia korral ilmuvad põletikunähud kohtades , kus nahk puutub kokku nikeldatud esemetega , näiteks käekella või - võruga , rinnahoidja nikeldatud pandla või sukahoidja trippidega .
Allergilist löövet täheldatakse vahetevahel nende inimeste kätel , kes sageli käsitsevad nikeldatud riistu või instrumente .
Järelikult on põhjendatud ka mure niklit sisaldavate ühe- ja kaheeuroste müntide käibeletuleku pärast .
Mõningatel andmetel esineb nikliallergiat 20 protsendil eurooplastest ."
"arstiteadlane ja harrastusajaloolane ILO KÄBINSteriliseeritud kummikinnaste kasutuselevõtmine Tartus 1897. aastal oli tegelikult viimane lüli sündmusteahelas , mis sai alguse 40 aastat varem - seega 140 aastat tagasi - ja samuti Tartus .
Aastal 1857 avaldas Tartus töötav arst-loomaarst prof .
Friedrich Brauell esimesena maailmas publikatsiooni nii loomal kui ka inimesel haigust tekitava mikroobi kohta - tegu oli batsilliga , mis põhjustab antraksit ehk siberi katku .
Toda sensatsioonilist sündmust võib pidada uue arstiteadusliku distsipliini - bakterioloogia - alguseks .
Ligikaudu samal ajal alanud töödega tõestas mõned aastad hiljem prantsuse keemik Louis Pasteur , et käärimine ja roiskumine pole keemilised protsessid , nagu varem arvati , vaid neid põhjustavad mikroobid .
See andis bakterioloogia arengule omakorda hoogu .
Brauelli avastust ei osatud Tartus nähtavasti edasi arendada .
Kuid , nagu selgub bakterioloog Woldemar Bucholtzi 1866 Tartus ilmunud doktoritööst , jälgiti seal hoolega prantslaste töid ja ka Pasteuri avastusele järgnenud püüdeid otsimaks vahendeid mikroorganismide hävitamiseks .
Muu hulgas mainib Bucholtz Jules Lemaire'i ja tema katset kasutada antiseptikumidena karbolhapet ( fenooli ) .
Innustatuna neist töödest tegi Bucholtz ka ise laboratoorseid katseid karbolhappega ja leidis , et see hävitab käärimisbaktereid .
Nende töödega pandi alus antiseptikale selle algelisel kujul .
Kuid kahjuks ei äratanud tema uurimus suuremat tähelepanu .
Bucholtzi tööst selgub samuti , et karbolhapet tundis ja kasutas sel ajal inglise kirurg Joseph Lister .
( Pasteuri avastuse mõjul hakkas seegi mees otsima antiseptikume .
Kuuldes , et ühe väikelinna lihunikud kasutavad jäätmete ja reovee desinfitseerimiseks karbolhapet , otsustas ta seda kasutada ka oma kliinikus , kus enamus opereerituid pärast amputeerimist suri , sest haav läks mädanema . )Lister oligi see mees , kes 1867 ( seega aasta hiljem , kui valmis tartlase Bucholtzi doktoritöö ) avaldas ajakirjas “ The Lancet ” esimese dokumenteeritud teate uue haavaravimeetodi kohta .
Hävitades karbolhappe abil haava sattunud haigusttekitavaid mikroobe , panigi ametlikult just Lister aluse antiseptikale , mis talle pikkamööda ka maailmakuulsuse tõi .
Listeri haavaravi üks esimesi tunnustajaid oli 1871 Tartu kirurgiaprofessoriks nimetatud Ernst Bergmann , kes 1873 saatis isegi ühe tartlase , dotsent C. Reyheri Inglismaale Listeri kliinikusse karbolhappe kasutamist õppima .
Kui 1875. aastal avati Toomemäel uus kirurgiakliinik , siis sooritas E. Bergmann ise operatsiooni Listeri karbolhappemeetodil .
Pärast operatsiooni peetud kõnes rõhutas Bergmann ka puhtusepidamise tähtsust .
Märkimist väärib veel üks fakt : juba aasta varem oli Valgamaalt pärit Bergmanni õpilane Leonid Bucholtz teinud eksperimentaalse avastuse , et sublimaat on antiseptikumina 100 korda efektiivsem kui karbol .
Oma katsetes proovis L. Bucholtz 10 antiseptilist vahendit , samuti kõrge temperatuuri mõju mitmesugustele batsillidele ja kokkidele .
Niisiis andis Tartu ülikooli arstiteaduskond väärtuslikku lisa ka antiseptika arengule , kuid seegi kõik oli vaid ühe järgneva sündmuse eellugu .
Nimelt osales tollal veel Tartus professoriks olev Ernst Bergmann 1877. aastal kirurgina Vene-Türgi sõjas .
Oma Balti Punase Risti välilaatsaretis hakkas ta lähtuma põhimõttest , et haava satuks võimalikult vähe pisikuid .
Põhimõtteliselt oli see sama printsiip , mida ta hiljem Berliinis professoriks olles koos oma assistendi Curt Schimmelbuchiga 1886. aastal tänapäevani kehtivaks antiseptikaks arendas .
Anglosaksi nimekaim meditsiiniajaloolane Fielding H. Garrison on kirjutanud , et J. Lister sattus karbolhappele tänu õnnelikule juhusele - nagu Z . von Manteuffel oma keedetud käelegi .
Ja samal ajal - nagu suur kirurg W. Halsted ei osanud näha kummikinnaste tähtsust , ei tabanud tartlane W. Bucholtz ( kuulsa farmakoloogi tartlase , Rudolf Buchheimi õpilane ) ära karbolhappe tähtsust kirurgias , kuigi tema tööd ennetasid ajaliselt J. Listeri omi ."
"Jaanus RemmeElujõudu , müstilist vis vitalis t ehk entelehhiat on sajandeid peetud kõige elusa lahutamatuks koostisosaks .
Küll on teda seotud organismi erinevate osade ja kehamahladega , hiljem on arenev teadus teda paigutanud mikroskoopi listesse rakustruktuuridesse ning seostanud teda eriti sageli just pärilikkusmehhanismidega .
Tänapäeva geneetika ja biokeemia sunnivad seda salapärast jõudu taganema .
Päriselt kadunud see visa tung aga siiski ei ole .
Lühidalt võiks vis vitalist siduda nende protsessidega , mida kuidagi ei õnnestu katseklaasis käivitada , hoolimata sellest , et kõik protsessis osalevad komponendid on teada ja ka eraldatud .
Näiteks ei ole pingutu stele vaatamata õnnestunud katseklaasis kokku panna raku organelle ( v.a. bakteriaalne ribosoom ) , rääkimata juba elusraku sünteesist in vitro .
Ilmselt ei ole elujõud peidus üheski konkreetses raku piirkonnas , sest kõigi elusraku osiste peenehitus on selge või selgub see peagi .
Tänaseks on teda ka mitme organismi kogu päriliku materjali struktuur ( DNA nukleotiidne järjestus ) .
Hoopis salapärasem on aga eluprotsesside kulg , eriti nende protsesside , mida ei ole õnnestunud in vitro käivitada .
Seepärast on mõtet otsida elujõu olemust just niisugustest protsessidest , pöörates erilist tähelepanu päriliku informatsiooni ülekandele .
Pärilik teave säilib DNA primaarstruktuuri salvestatuna kromosoomides .
DNAlt kirjutatakse komplementaarsuse alusel ümber RNA , milles geneetiline informatsioon on samuti nukleotiidse järjestuse kujul .
RNAs sisalduv informatsioon on aluseks valkude sünteesil , translatsioonil .
Seejuures muudetakse ribosoomide poolt RNA nukleotiidne järjestus aminohappeliseks järjestuseks valkudes .
Kolmest järjestikusest nukleotiidist moodustunud geneetilise informatsiooni ühikule - tripletile ehk koodonile - vastab üks aminohape .
Ribosoomides seatakse vastavusse RNA koodonite järjestus aminohappelise järjestusega valkudes .
Selle vastavuse aluseks on geneetiline kood .
Geneetiline kood on universaalne , s.t. kõigis elusorganismides ühesugune .
See asjaolu on andnud kinnitust elu monofüleetilise päritolu hüpoteesile , mille kohaselt kõik elusorganismid pärinevad ühisest eellasest .
Et bioloogias on erandid reegliks , siis on avastatud ka alternatiivseid geneetilisi koode , mis esinevad mitokondrites ja mõnel juhul päristuumsete organismide tsütoplasmas .
Need erinevused on siiski tühised ja tõenäoseks tuleb pidada väidet , mille kohaselt mitokondrid kasutavad erinevaid koode , et tagada oma DNA säilimine selle eripära kaudu .
Niisiis , tuleb veel kord rõhutada , et geneetiline kood on väga püsiv .
Ajakirjandusest võib tihti leida ekslikku väidet , et ühe või teise haiguse tulemusel on toimunud tõsised muutused patsiendi geneetilises koodis .
Tegelikkuses ei muutu aga kood vaid päriliku materjali paigutus , nukleotiidide järjestus DNAs ning niisuguseid muutusi nimetatakse mutatsioonideks .
Miks just selline kood ?
Geneetilise koodi päritolu on omaette huvitav probleem , mis tänaseni lahendamata .
Kas geneetiline kood tekkis pikaajalise evolutsiooni tulemusel ja on parim võimalik ?
Või on tegu lihtsalt ühe pooljuhuslikult kinnistunud variandiga , mida nüüd takkajärgi on võimatu muuta ?
Nimelt tooks muutus koodis kaasa üheaegse muutuse kõigis geeniproduktides , mida ka kõige lihtsamatel iseseisvalt elavatel organismidel on mitmeid tuhandeid .
Nii suurt päriliku materjali ümberkorraldust ei elaks üle ükski organism .
Eelnevast tulenevalt on koodi päritolu püütud seletada nn. külmunud õnnetuse ( ingl . k . frozen accident ) teooria abil .
Teiselt poolt on geneetiline kood jälle küllalt optimaalne kodeerimaks võimalikult väheste vigadega kõiki 20 aminohapet .
Järelikult ei saa ta olla päris juhuslik “ õnnetus ” .
Geneetilise koodi päritolu on üritatud seletada ka mitmete muude hüpoteesidega .
Näiteks on stereokeemilise modelleerimisega näidatud nukleiinhapete koodonite ja aminohapete vahelist sobivust ( koodi stereokeemilise sobivuse teooria ) .
Paraku ei ole sellele hüpoteesile katselist kinnitust saadud .
Eesti teadlaste poolt on esitatud geneetilise koodi funktsionaalse aluse hüpotees , mis põhineb koodonite ja aminohapete funktsionaalsel tasakaalustamisel .
Ka see hüpotees on jäänud katselise tõestuseta .
Ei jää üle muud , kui tõdeda , et eluteaduse seisukohalt väga oluline küsimus geneetilise koodi olemusest on seni vastuseta ja ootab uusi uurijaid .
Mis teeb valgust valgu ?
Pöördudes nüüd tagasi geneetilise informatsiooni ülekande ja elujõu olemuse juurde , tuleb märkida , et ridastikku lükitud aminohapped ei ole veel valk .
Näiteks suudab ensüüm rakus oma ülesannet täita alles pärast seda , kui valgusünteesi käigus kokku pandud ahel omandab teatud kindla ruumilise struktuuri .
Paljud katseklaasis sünteesitud ensüümimolekulid ei hakka lihtsalt tööle , mis tõestab , et valgu ruumilise struktuuri tekkes on osaline veel midagi , mingi jõud , mis annab polüpeptiidahelale funktsionaalse aktiivsuse .
Nimetagem seda jõudu siin elujõuks .
Aktiivse struktuuri teket valkudel on nimetatud ka geneetilise koodi teiseks transleerimiseks .
Veelgi keerulisem on lugu paljumolekuliliste kompleksidega .
Eespool nimetati bakteriaalset ribosoomi ( koosneb 54 valgust ja 3 RNA molekulist ) , kui ainsat in vitro rekonstrueeritavat organelli .
Selle all mõeldakse siiski seda , et katseklaasis saab küll laialivõetud ribosoome kokku panna ja rakus taas käivitada , katseklaasis sünteesitud komponenetidest ei ole aga aktiivset ribosoomi meistertada õnnestunud .
Järelikult on taas kord tegu salapärase elujõu avaldumisega .
Sama tulemuseni jõuame ka mitmete ensümaatilist aktiivsust omavate RNA molekulide juures- paljusid neist on küll võimalik tehislikult valmistada , toimima nad rakus aga ei hakka .
On teada , et elusrakus aitavad valgumolekulide ruumilist struktuuri moodustada mitmed abimehed .
Neid kutsutakse chaperon ' ideks ( chaperon - it .k .
kasvataja , kes peab ära hoidma noorukite mittesoovitavaid kontakte ) .
Paraku ei seleta ka need “ lapsehoidjad ” kõiki nn. aktiivse struktuuri tekkega seotud probleeme .
Väga oluline on mikrokeskkond , milles toimub mingi kindla molekuli süntees .
Näiteks sünteesitakse ensüümid eellasmolekulidena neile omases kes kkonnas ja alles pärast “ üleliigsete ” osade eraldamist muutuvad nad aktiivseteks .
Sama kehtib ka RNA molekulide ja raku organellide , nagu ribosoom kohta .
Järelikult nõuab funktsionaalse molekuli süntees erilist keskkonda , milles vastav aktiivne struktuur moodustub , kusjuures ehituse juures peavad kohal viibima ka vajalikud abimolekulid .
Ilmselt kannab ka seesama keskkond elujõudu .
Teisiti öeldult on elujõud epigeneetiline faktor , see osa informatsioonist , mis ei ole otseselt kodeeritud geenide poolt .
Nii jõuamegi vana tõeni , elu tekib ainult elust ehk nagu kuulus saksa rakubioloog Rudolf Virchov seda väljendas omnis cellila e cellula - iga rakk tekib rakust .Geeniväline informatsioonÜks näide epigeneetilise faktori ülekande kohta on eriti aktuaalne- prionid , mida peetakse vastutavaks “ hullu lehma tõve ” ja inimese Creutzfeld-Jacob'i tõve eest .
Prion on organismiomane valk , mille ruumiline strukt uur erineb normaalse valgu omast , seda kodeeriva geeni struktuur aga muutunud ei ole .
Prionil on hämmastav võime muuta normaalse struktuuriga valgu kuju , mille tulemusel tekibki patoloogia .
Prionivalk on seega infektsiooniline osake , mille organismi sattumine toob kaasa normaalse valgu struktuuri muutuse ja haigestumise .
Järelikult kujutab prion endast geenivälise ehk epigeneetilise informatsiooni kandjat .
Siiski ei saa prion eksisteerida geenidest sõltumatult , ka prionivalk on kodeeritud kromosoomides , haigusetekitajaks muudab prioni aga informatsioon , mis ei sisaldu geenides , vaid pärandub viimastest sõltumatult .
Kokkuvõtteks tahaksin rõhutada , et eluprotsessid ei põhine ainult geenidel , vaid on ka midagi muud , nimetatagu seda siis elujõuks , entelehhiaks , jumalikuks sädemeks või milleks tahes , ja see miski on sama oluline , kui geenides talletatav teave .
Tänapäeva geneetika võimsa arengu taustal kipub kõik muu peale DNA kergesti ununema , kogu elu püütakse taandada vaid geenide avaldumisele .
Aga vähemalt senikaua , kui teadlased ei ole võimelised elusrakku katseklaasis sünteesima , ei mõista me täielikult elu olemust .
Siin seisab ees avar tööpõld tulevastele uurijatele , idealistidele ja vitalistidele !
JAANUS REMME ( 1953 ) on Tartu Ülikooli dotsent , filosoofiadoktor , Eesti TA KBFI teadur ."
"teadusajakirjanik MADLI JÜRGENHoopiski mitte .
Sõrmuse , ka abielusõrmuse on nii mõnedki rahvad hoopis varbasse torganud .
Näiteks Idamaades on naised mõnelpool kandnud abielu tähistavat sõrmust vasaku jala suures varbas .
Varbasõrmused on ehtinud mehi Indias , Biharis .
India varbasõrmused on tihti kaunistatud kõlisevate kellukestega .
Arvatakse , et just Indiast on varbasõrmused levinud Aafrika idarannikule ja sealt omakorda Lääne-Aafrikasse .
Aafrika varbasõrmused on tehtud messingist , vasest või rauast ja neid kantakse enamasti samuti suures varbas .
Ngata-hõimu mehed seovad aga jahile minnes suure varba ümber pühvli sabajõhvi , et see õnne tooks .
Masaid kasutavad varbasõrmust haiguste tõrjumiseks .
Euroopas on varbasõrmuseid kantud näiteks direktooriumiaegsel Prantsusmaal 1790. aastate lõpul .
Sõrmuseid on amuleti , tunnusmärgi-pitsati või lihtsalt ehteasjana kantud ammustest aegadest .
Sümbolina ja maagilises mõttes tähistab sõrmus katkematut ringjoont , igavikku .
Sõrmust on kasutatud kaitsena kurja vastu - näiteks veel 16. sajandi Inglismaal arvati , et sõrmus hoiab eemal langetõve .
Ja muidugi muinasjutud , kus esineb lugematul hulgal võlusõrmuseid ( kas olete kuulnud lugusid võlukõrvarõngastest ? ) .
Enamasti kinnitab sõrmus mingit liitu : abielusõrmus kokkulepet abikaasade vahel , nunna kuldsõrmus tema liitu Kristusega , vaimuliku oma liitu kiriku või kogudusega .
Normandia hertsog sai keskajal sõrmuse selle märgiks , et ta on nüüd “ abielus ” oma hertsogkonnaga .
Veneetsia dood_ide sõrmus sümboliseeris liitu Veneetsia ja mere vahel .
Ühed vanemad on kindlasti Muinas-Egiptuse sõrmused .
Neid kasutati Keskmise ja Uue riigi ajal ning tõenäoliselt on nad välja kujunenud pitsatina kasutatud skarabeuste kujukestest ( püha skarabeust ehk sõnnikumardikat peeti Vanas Egiptuses ürgolendiks , päikesejumala ilminguvormiks , sigivusjõu ja taassünni sümboliks ) .
Viimased rippusid algselt lihtsalt nööri otsas , hiljem hakati neid kinnitama sõrme ümber oleva rõnga külge .
Skarabeuse-sõrmuste järel tulid graveeritud pitsatsõrmused , mis tähistasid ühtlasi kandja võimu .
Sõrmuseid kandsid valitsejad ja ülikud , kes kinkisid neid mõnikord oma truudele teenritele usalduse ja teatud õiguste kinnituseks .
Nagu seda tegi näiteks Egiptuse vaarao Joosepile sõrmust andes .
Ja vaarao ütles Joosepile : “ Vaata , ma olen pannud su kogu Egiptusemaa üle !
” Ja vaarao võttis sõrmest pitserisõrmuse ning pani Joosepi sõrme … ( 1 Mo 41 : 41 - 42 ) .
Katoliku kirikus on sõrmused paavsti , kardinalide ja piiskoppide võimu sümboliks .
Kuulsaim neist on üks paavsti kolmest ametlikust sõrmusest , nn. kalamehesõrmus , mida kirikupead on kasutanud oma kirjade pitseerimiseks 15. sajandist alates .
Igale paavstile valmistatakse oma sõrmus , millele graveeritakse tema nimi ja paadis kala püüdva Peetruse pilt .
Pärast paavsti surma sõrmus hävitatakse .
Piiskopisõrmus sümboliseerib omakorda armastuse ja ustavuse lepingut piikopi ja kiriku vahel .
Sõrmuste sümboolset tähtsust keskaegses Euroopas peegeldab hästi 12. sajandil puhkenud investituuritüli , mille käigus vaieldi selle üle , kelle õigus on anda piiskoppidele üle nende võimu sümbolid - karjasekepp ja sõrmus .
Usku sõrmuste maagilisse jõusse iseloomustab see , et mitmetes kultuurides võetakse surnutel sõrmused sõrmest , et nende hing pääseks vabaks .
Mürgisõrmusedki pole ajaloos tundmatud , neid on kasutatud nii vaenlaste kui ka iseenda hävitamiseks .
Ka Kartaago kuulus väejuht Hannibal sooritas 183. aastal e. Kr. enesetapu mürgiga , mida ta oli oma sõrmuses kaua kaasas kandnud .
Euroopas on luust sõrmuseid valmistatud juba nooremal kiviajal .
Antiik-Kreekas olid väga populaarsed pitsatsõrmused , mida kandsid nii mehed kui naised .
Raudseid pitsatsõrmuseid tarvitasid etruskidki , aga suure õitsengu saavutas sõrmuste kandmine Antiik-Roomas .
Kuldseid sõrmuseid kandsid algul Roomas vaid ülikud , hiljem kõik vabad kodanikud .
Orjade sõrmused olid rauast .
Sõrmuseid kaunistati üha enam ja kanti kõigis sõrmedes .
Suurimad neist olid massiivsed pöidlasõrmused .
Kui Hannibali sõdurid 216. a. e.Kr. pärast Cannae lahingut korjasid kokku langenud roomlaste kuldsõrmused , said nad tohutu koguse , mida hiljem on hinnatud umbes 27 liitrile .
Keskajal kanti esialgu endiselt palju pitsatsõrmuseid , kuid 2. aastatuhande alguses hakkas nende tähtsus vähenema , sest tarvitusele tulid suuremad pitsatid , mida ei saanud enam sõrmuse külge kinnitada .
Keskajal oli sõrmus tihti ka mälestusese ja nii pärandati neid testamendiga suurel hulgal kõikvõimalikele sõpradele-tuttavatele .
16. sajandist hakati sõrmuste külge kinnitama kelli jms . , maadeavastuste järel võõrailt mailt toodud haruldasi kive ( vääriskive oli kasutatud varemgi ) .
Roomlased kandsid niisiis palju sõrmuseid , ning neilt on üle võetud ka sõrmus kui abielu sümbol .
Roomas kandsid kihlasõrmust vaid naised , mehed aga abielusõrmust .
Sõrmuste vahetamine omavahelise liidu märgina muutus keskajal üldiseks .
Sõrmus pidi olema kullast , metallist , mis sümboliseerib truudust ja kestvust .
Sõrmus võis meenutada kahte teineteisest kinni hoidvat kätt või olla kaunistatud mõnel muul moel .
Sile kuldsõrmus tuli kasutusele 17. sajandil ."
"Urmas Kokassaar , Mihkel ZilmerKuigi vaid vähesed inimesed on näinud sidrunipuud , teavad tema mahlaseid ja ülihapusid vilju - sidruneid - vist peaaegu kõik .
Paljud on kuulnud ka sellest , et sidrunis on palju sidrunhapet ja rohkesti vitamiini C. Kahjuks selle infoga enamiku inimeste teadmised sidrunist piirduvadki .
Kuid nendes kuld- või rohekollase värvusega viljades peitub veel palju muudki , mis meile kasulik on …Kuidas valida ja hoida ?
Osta tasub läikiva koorega tihkeid sidruneid .
Sidruni koor on nagu peegel , mis reedab vilja küpsust .
Vilja valmimist ja kvaliteeti hinnatakse koore läike , mitte aga värvuse alusel .
Seega : tuhmid , nätsked ja pehmed sidrunid on targem letile jätta .
Juba ostetud sidruneid on kõige parem säilitada jahedas , mõõduka niiskusega kohas .
Lahtilõigatud sidruni kuivamise vältimiseks tuleb ta lõikepinnaga asetada alustassile .
Et praegu on sidruneid pidevalt müügil , ei ole suurte tagavarade soetamine otstarbekas .
Tutvus algab koorestBotaaniliselt on sidrun sidrunipuu vili .
Kujult on sidrunid ovaalsed või munajad ja nad kaaluvad tavaliselt 75 - 150 grammi .
Koor , mille värvus muutub rohelisest kollaseni , on kas sile või kergelt krobeline .
Sidrunikoore värvunud pindmises osas on rikkalikult õlide näärmeid , mis sisaldavad meeldivalt lõhnavaid eeterlikke sidruniõlisid .
Nende olemasolus on lihtne veenduda .
Koorige sidrun ära ja muljuge veidi koort .
Õlipiisakesed paiskuvad mahutitest välja ja kohe levib aromaatne ning värskendav sidrunilõhn .
Lõhnateraapiast on teada , et sidruniõli eeterlikest õlidest tulenev lõhn värskendab , teritab tähelepanu ja suurendab keskendumisvõimet .
Sidruniõlide lõhnamaailma on ammu avastanud ka parfümeeriatööstus .
Üha rohkem on neid kosmeetikatooteid , mille koostisainete hulka kuuluvad sidruni eeterlikud õlid .
Et sidruni koorest väljapressitud õlid on tugeva ja intensiivse lõhnaga , siis kasutatakse neid sageli just meestele mõeldud lõhnatoodetes .
Lõhnaga seoses veel üks tähelepanek : keeva veega ülekallatud sidrunid lõhnavad palju tugevamini , sest kuumas aurustuvad sidruniõlid hõlpsalt .
Siit ka seletus , miks sidruniviiluga tee nii aromaatselt lõhnab ja hästi maitseb .
Perenaised kasutavad riivitud sidrunikoort lisandina keeksides , kreemides , kisellides ja mujalgi .
Selline sidrunikoore kasutamine pole suurtes kogustes siiski soovitatav .
Pole ju saladus , et sidruneid , nii nagu ka teisi tsitrusvilju , pritsitakse enne transporti mitmesuguste tugevatoimeliste konservantidega .
Need ühendid ei lagune , maha pesta on neid raske ja pole välistatud ka nende aeglane imbumine koorealusesse kihti .
Tavaliselt on konservandi nimetus ka hulgipakendil kirjas .
Et sidruneid müüakse aga lahtiselt ja tükikaupa , siis ostja enamasti ei teagi , millise kemikaaliga tema lemmikut eelnevalt pritsitud ja töödeldud on .
Koor katab haput ja mikrotoitaineterikast viljalihaSidruni mahlakas viljaliha on kollane ja teravalt hapu maitsega .
Hapetest on sidrunis kõige rohkem sidrunhapet , mille sisaldus võib tõusta kuni 8 protsendini .
Toonitagem kohe , et sidrunhapet sünteesitakse ka inimorganismis , kus ta on meie energeetilise ainevahetuse üks kesksetest ühenditest .
Sidrunhape on võimeline siduma metalliioone ja see on tema antioksüdantsuse peamine alus .
Seetõttu on ka sügavalt ekslik kuulujuttudel rajanev info , et E-aine koodiga E330 , mis ongi sidrunhappe kood , on kantserogeenne .
Kui lähtuda kas või sellest , et sajas grammis sidrunimahlas on 4 - 5 g sidrunhapet , siis kantserogeensuse korral peaksid sidrunimahla tarbijad , keda maailmas on tohutu hulk , juba ammu surnud olema .
Sidrunhape meditsiinilist ohutust tõestab ka see , et ta on vereülekannetes doonorplasma üks komponentidest .
Sidrunhape on samal ajal ka oluline toidulisand .
Lisaainena on sidrunhappel toiduainetes mitmeid rolle - ta on antioksüdant ja happesuse reguleerija .
Kui hoolikalt toidupakenditele kirjapandud koostisosade loetelusid lugeda , siis torkab silma sidrunhappe sage esinemine .
Tegemist on ikkagi keemiliselt valmistatud sidrunhappega , mis on loodusliku molekuli täpne koopia .
Kartuseks pole põhjust , sest nii lihtsa ühendi nagu sidrunhappe puhul ei erine loodusliku ja sünteetilise molekuli biotoime .
Sidruni vitamiiniderohkusest on kujunenud peaaegu legend .
Eriti ülistatakse sidrunit kui vitamiin C allikat .
Tõsi on see , et just sidrunid ja nende mahl olid esimesed ravimid , mida inimesed hakkasid kasutama skorbuudi vältimiseks pikkadel merereisidel .
On siiski palju teisi vilju , mis vitamiin C sisalduselt sidruni kaugele seljataha jätavad .
Sidrunist rohkem on vitamiini C näiteks kreeka pähklites , kibuvitsamarjades , mustsõstardes , jõhvikates , jne .
Sidrunis on märkimisväärselt ka mitmeid B-grupi vitamiine ja kaaliumi , kaltsiumi , magneesiumi ning fosfaate .
Sidruni sisust kasutatakse kõige rohkem mahla .
Lisagem siinkohal , et kuumas vees hoitud sidruneid on kergem koorida ja neist saab ka mahla paremini kätte .
Saleda joone hoidjad soovitavad janu kustutamiseks vähese sidrunimahlaga maitsestatud külma vett , sest see jook on värskendav ning ülimalt kaloritevaene .
Tõsi ta on , sest sajagrammise sidruni söömisel saab organism kõigest 28 - 30 kcal energiat .
Nii et tõeline dieettoit .
Ka kõigile tuntud karastusjook limonaad kujutas valmistamise algusaegadel ei midagi muud kui naturaalset sidrunijooki .
Sidrun on limonaadile nimeandjakski , sellele viitavad nii ingliskeelne lemon , itaaliakeelne limone kui ka hispaaniakeelne limon .
Sidrunimahl on teada-tuntud maitselisand paljudele toiduainetele .
Kauplustest võib osta sidrunimaitselisi kreeme , küpsiseid , vahvleid , jäätisi , kompvekke , torte , jooke ja veel palju muudki .
Mahl kui arstimRahvameditsiin tunnustab samuti sidrunimahla kui tõhusat ravivahendit .
Köha , nohu ja kurgupõletiku korral on meega segatud sidrunimahl hea ravim , mis leevendab vaevusi .
Sidruni ja mee segul on veel rahustav ja und soodustav toime .
Sidrunimahl ergutab seedenäärmeid , mistõttu seda soovitatakse kasutada söögiisu tõstmiseks .
Eriti sobiv on sidrunimahl neile , kellel on probleeme mao alahappesusega .
Rahvameditsiinis soovitatakse sidrunimahla ka podagra ja neerukivide korral , sest sellel joogil on lahustav toime .
Veega lahjendatud sidrunimahlast on abi ka igemepõletiku puhul , juhul kui sellega suud loputada .
Ekslik on arvamus , nagu sobiks sidrunimahl ainult seespidiseks kasutamiseks .
Kareda käenaha määrimiseks soovitavad kosmeetikud lihtsat segu sidrunitest pressitud mahlast ja oliivõlist .
Komponendid segatakse vahekorras üks-ühele ja segu määritakse ööseks kätele .
Selline mähis on nahka pehmendava ja noorendava mõjuga .
Rasusele nahale on lahjendatud sidrunimahlaga pesemine samuti soodne , sest see pehmendab ja puhastab nahka ning vähendab rasu eritumist .
Ka juustele annab sidrunimahlaga lahjendatud veega loputamine kauni läike .
Nii nagu nahagi puhul , on sidruniga töötlus sobilik just rasuste juuste korral .
Sidruni edu saladus liigse rasu kõrvaldajana kehapinnalt on lihtne .
Rasu koosneb põhiosas rasvast .
Sidrunimahlas leiduvad happed reageerivad rasvaga ja selle tulemusena moodustuvad vesilahustuvad keemilised ühendid - estrid , mis veega loputamisel ära uhutakse .
Vanniveele lisatud sidrunilõik või kooretükikesed aromatiseerivad vannivee ja suurendavad samal ajal ka selle puhastavat toimet .
Sidrunimahl koos koorega sobib ka välispidise lisavahendina mitmete seenhaiguste ohjeldamiseks .PuhastusvahendSidrunist on abi määrdunud ja parkunud käenaha puhastamisel , kui neid kohti sidruniviiluga hõõruda .
Tunduvalt rohkem kasutatakse sidrunit mitmesuguste plekkide eemaldamiseks .
Vahest kõige tuntum on sidrun roosteplekkide eemaldajana , kuid selle puuvilja mahl sobib ka nahkesemete , hõbe- , vask- ja klaasnõude puhastamiseks .
Sidrunilõhna meeldiva ja värskendava toime on avastanud ka paljud pesemisvahendite tootjad , kes müüvad sidrunilõhnalisi pesupulbreid ja nõudepesuvahendeid .
Kas puudusi polegi ?
Kõik sõltub tarbitavast kogusest .
Üle ühe sidruni päevas pole soovitav süüa , sest ülihapu sidrunimahl võib hambaemaili kahjustada .
Mitme sidruni söömine päevas viib meie organismi ka liigpalju sidrunhapet ja see võib pikema aja jooksul tekitada probleeme üldises ainevahetuses .
Sidrunite söömine on vastunäidustatud nendele inimestele , kes pidevalt kannatavad mao ülihappesuse käes .
Sidrun koos kohviga viib organismist välja teatud koguse kaltsiumi .
Seetõttu pole sidrunite liigtarbimine kasulik neile , kellel on risk luude hõrenemiseks ehk osteoporoosiks .
Mõõdukas sidruni tarbimine paralleelselt piimatoodete söömisega osteoporoosiga seonduvaid probleeme aga ei tekita ."
"meedik HARRI JÄNESÜlekaal suurendab oluliselt paljude tervisehäirete tekkimise riski , kuid sellest vabanemine nõuab vaeva .
Kaaluiibe vältimiseks või kaalu vähendamiseks on kaks võimalust : piirata toiduenergia tarbimist , s.t. söödava toidu kalorsust või suurendada organismi energiakulu , s.o. tõsta kehalist aktiivsust .
Kõige otstarbekam on need kaks moodust ühendada .
Toidu kalorsuse järkjärguline vähendamine organismi tegeliku vajaduseni võimaldab suhteliselt hõlpsasti kaalus maha võtta .
Esialgu nõuab see muidugi tahtepingutust , kuid hiljem harjutakse tagasihoidlikuma toitumisega .
Range paastumine ( nälgimine ) on muidugi tervisekahjulik .
Liigsest kehakaalust vabanemine energiakulu suurendamise teel nõuab tugevamat tahtejõudu .
Ülekaalu põhjustavat varurasva kasutab organism energia saamiseks siis , kui toiduenergia vähesuse tõttu on süsivesikute varud juba ammendatud .
Varurasva kulutamine pole kerge : üks tund energilist kõndimist ( vähemalt 5 km ) toob kaasa energiakulu 22 kcal .
Kui organismil muud energiaallikat ei ole , siis kasutab ta selle kulu katmiseks veidi üle 20 g varurasva .
Millal jõuab niimoodi paar-kolm kilo kaalus maha võtta ?
10 000 m jooks nõuab 600 kcal , maratonijooks 1800 kcal .
Pole hõlbus ennast saledaks joosta !
Pealegi peab tüse inimene tervisespordiga väga ettevaatlikult alustama .
Tervisesport , mille eesmärk pole kõrged sportlikud saavutused , aga on igaühele vajalik lihaskonna , vereringe- ja hingamiselundite tugevdamiseks ."
"Erik Tago on sündinud 11. oktoobril 1950. aastal Paides ja õppinud Paide Keskkoolis ( Paide Gümnaasium ) .
1974 lõpetas Tartu ülikooli füüsika osakonna astronoomia erialal .
Samal aastal asus tööleTartu Observatooriumi ( siis Astrofüüsika ja Atmosfäärifüüsika Instituuti ) , kus töötab senini , praegu teadurina .
Oma uurimistööd alustas ta tudengina täheparvedest .
Tema huvi on koondunud peamiselt Universumi kõige suurematele süsteemidele .
Uurides galaktikate ja galaktikaparvede ruumjaotust , on koos oma kolleegidega avastanud Universumi rakustruktuuri .
Ligi 40 teadustöö autor või kaasautor .
Olete üks Universumi struktuuri uurijaid , k.a. jaanuaris ajakirjas “ Nature ” ilmunud ja nii välis- kui kodumaal “ laineid löönud ” artiklite autoreid .
Kuidas Te seda maailmaruumi ikka tegelikult ette kujutate ?
Me elame kolmemõõtmelises maailmas , aga kõike , mis on Universumi sügavustes , näeme taevasfääril kahes mõõtmes .
Sellest tulenevad peamised uurimise ja ettekujutamise raskused .
Hädast saab suuresti üle , kui õnnestub mõõta uuritavate tähesüsteemide kaugusi .
Juba paar aastakümmet on Tõravere astronoomid püüdnud nii endale kui ka teistele selgeks teha Universumi ehitust , kasutades selleks nii lihtsaid plastmasskeradest tehtud mudeleid kui ka videofilmi ja keerulist numbrilist modelleerimist arvutitel .
Mõnevõrra on see ka õnnestunud , kuigi galaktikate ruumilist jaotust visuaalselt esitada ja aru saada , mis on näha , ei olegi nii kerge .
Kompuutritest ja matemaatikast on selles muidugi suur abi .
Üks viis saada ettekujutus , on leida analoogia mõne tuttavama ja igapäevasema asjaga .
Universumi ehitust võrreldakse tihti meekärjega .
See tähendab , et aine , mida me näeme Universumis , on jaotunud sarnaselt vahale meekärjes .
Kärg loob kujutluse ehk liiga korrapärasest maailmast .
Kärje asemel sobiks veidi paremini käsn .
Nagu käsnas , on ka Universumis “ poorid ” ehk tühikud .
Aga “ kärg ” on Universumi jaoks auväärsem sõna kui “ käsn ” või “ seebivaht ” .
Viimastel oleks küll igapidi suurem sarnasus selle Maailmaga , milles me elame !
Kui tõenäone see on , et seda uskuda ja selles mitte kahelda ?
Kahelda tuleb ikka .
Teadlaste loomuses on juba kahtlemine .
Aga midagi tuleb uskuda ka , muidu ei saaks teadust teha .
Kui te olete omaks võtnud füüsika põhitõed , siis tuleb uskuda ka kosmoloogia mõningaid tõdesid .
Vaatlused kinnitavad üha enam , et galaktikad eemalduvad üksteisest , millest tuleneb Universumi paisumine .
Kosmosest tulev reliktkiirgus tõendab , et kunagi pidi Universum olema kuum .
Galaktikate kauguste mõõtmine ja ruumilise jaotuse uurimine veenab , et Universumis on suured “ tühikud ” , kus ainet ei ole .
Kuidas aga Universum tekkis ja arenes oma varases nooruses , see on veel suuresti kosmoloogia mõttemäng .
Jaan Einasto oma artiklis sellessamas “ Horisondis ” küsib , et kes või mis “ puhus Universumi orelit ” , et ta selline on , nagu ta praegu ettekujutuse järgi on .
Kuidas suhtuda selles lauses sõnasse kes ?
Oletan , et Jaan Einasto mõtles selle all ülekantud tähenduses neid protsesse varases Universumis , mis määrasid Universumi saatuse .
Selles võib näha ka vihjet Loojale .
Suhtumine Loojasse on nii isiklik asi , et ei tahaks kellelegi sõnu suhu panema hakata .
“ Orelipuhuja ” võib asuda meis enesteski ja suunata meid nii erinevalt mõistma ümbritsevat maailma .
Milline oli algtõuge , et Te üldse teaduse teele asusite ?
Miks astronoomia ?
Tehiskaaslaste ja kosmoselendude ajastu algus langes kokku minu poisiea vastuvõtlikumate aastatega .
Mäletan , et olin 12aastasena aheldatud haigevoodisse , kui ema ostis vastilmunud raamatu “ Teistele planeetidele ” .
Lugesin selle ahnelt läbi .
See oli hea populaarne raamat , mis vallandas laste fantaasia .
Esimesed mehitatud kosmoselennud olid juba toimunud .
Tekkis huvi tähistaeva , kosmoselendude ja muu sellise vastu , nii et klassivend kinkis paksu astronoomiaraamatu .
Sellest ajast see pisik vist külge jäi .
Mis Teile veel meid ümbritsevas maailmas erilist huvi pakub ?
Huvi pakub palju , aga kõigele ei jätku aega .
Vaimukas ja vaimne inimene huvitab eelkõige .
Suuremaid elamusi pakub muusika , eriti improvisatsiooniline muusika ja ehe folkloor .
Hea meelega vaatan väärtfilmi .
Ajakirjandus on viimasel ajal teadlased kergekäeliselt nohikuteks tembeldanud , kes ümbritseva maailma vastu huvi ei tunne .
Mulle tundub siiski , et ergas ühiskondlik närv ja huvi kõige ümbruses toimuva vastu on teadlastele vägagi iseloomulik .
Vähemalt minu tutvusringkonnas on enamik teadlasi sellised .
Kuidas maandate stressi ?
Ega enamjagu ajapuudusel teadlikult ei maandagi , see toimub kuidagi märkamatult .
Kui on aega , võtan midagi huvitavat ette pereringis või kuulan lemmikmuusikat .
Kas loete horoskoope ?Miks ?
Loen , kui keegi vaimuka horoskoobi lugeda toob .
Milline teadusavastus läbi aegade on Teie arvates tähtsaim ?Ohtlikem ?
Võib ju arvata , et tuumaenergia või geneetiline manipulatsioon elusolenditega on väga ohtlik .
Aga iga avastus võib osutuda vastuoluliseks .
Teadusavastusi ja leiutisi on kasutatud varem või hiljem nii inimeste hüvanguks kui ka hävinguks .
Tähtsaim teadusavastus saab kuuluda minu arvates valdkonda , mis puudutab otseselt inimest , näiteks elu päritolu või mõtlemist .
See on seni veel tegemata .
Milline oleks Teie vapideviis ?
Seda ühte ja ainukest juhtkirja ei ole .
Püüan seda , mida teen , teha nii hästi kui oskan ."
"Seekordne HORISONT heidab pilgu meie planeedi kahele poolusele Lõunanabale ja kolmandaks pooluseks nimetatud “ maakera katusele ” , Dzomolungma mäetipule Himaalajas .
Nii kõrgmäed kui Lõunamanner näivad esmapilgul elutud , ometigi on ka need paigad kellelegi koduks .
Elu suudab kanda kinnitada kõige võimatuna näivates kohtades .
Küllap leidub elusaid baktereid ka 4 kilomeetri sügavusel Antarktise jääkilbi all asuvas järves , mis hiljuti avastati .
Neid mikroobe tuleks küll vaadelda kui maailma kõige äärmuslikemates tingimustes elavaid oleseid .
Ning see pole veel ainuke põhjus , miks neid unikaalseiks pidada .
Jääaluse järve floora on saanud omaette , muudest elukooslustest lahus , pool miljonit aastat areneda .
Nõnda siis on Lõunamandri jääkilbi sees käimas ainulaadne evolutsiooni-eksperiment .
See , kas ja kuidas too jätkub , sõltub edasi juba inimesest .
Igatahes on väga raske oma uudishimu selle ainulaadse veekogu vastu rahuldada nii , et järve õhkhabras elukooslus endisena säiliks .
Igatahes võib üksainukenegi puuriotsikuga järve viidud tänapäevane mikroob seal kõik pahupidi pöörata .
Karmid ja raskesti ligipääsetavad paigad on alati vastupandamatult ligi meelitanud seiklusjanulisi inimesi .
Igal aastal käib 13 000 inimest “ kolmandat poolust ” oma silmaga imetlemas ja kindlasti tunnevad nad kõik seda magnetit , mis kisub üles , sinna , kus suveräänsena kõrgub Mägi .
Vaid veidi üle 300 inimese on saanud kogeda Everesti tipus olemise tunnet , 130 üritaja elu on mägi ohvriks nõudnud .
Kas universumis valitseb kord või kaos , püstitab selles HORISONDIS küsimuse üks Eesti tuntumaid teadlasi , akadeemik Jaan Einasto , ja vastab ikka kord .
Tegu on põhjaliku ülevaatega Eesti astronoomide Universumi struktuuri seletavast teooriast ning ka selle teooria ümber käivast piigimurdmisest .
Akadeemik Einasto nimega võib siduda ka viimasel ajal ajakirjanduses toimunud väikest nihet .
Nimelt on meie press hakanud tasapisi teaduse vastu üha rohkem ja rohkem huvi ilmutama .
N . ö .
läbimurdeks aga oli just Eesti astronoomide Universumi ehituse teooria , mis üleilmset meedia tähelepanu äratas , ja mida ka kodumaised väljaanded , kes teatava hämmelduse , kes isegi kummalise solvumisega , kommenteeris .
Päikselist kevadet soovides ,INDREK ROHTMETS"
"Te hoiate käes HORISONDI järjekordset teemanumbrit .
Seekord keskendume eluteadusele , täpsemalt mõnedele bioloogia valdkondadele , mis aastatuhande vahetust ootavas maailmas on kasvavalt kõneainet pakkunud .
1940. - 1950. aastail sündinud molekulaarbioloogia on jõudnud aluse panna hulgale uutele teadussuundadele , nende seas ka rakenduslikule geenitehnoloogiale .
Just pärilikkuse parandamise ja geenide ümbertõstmisega ongi seotud uue bioloogia kõige pöörasemad lubadused .
Täna elab maailmas juba tuhatkond inimest , kes on tervise tagasi saanud tänu geeniteraapiale .
Nende organismi on sünnipäraselt vigast geeni asendama viidud normaalne , terve geen ja see on õnnestunud seal ka käivitada .
Geenidiagnostika on aga jõudnud juba miljoniteni .
Näiteks ainuüksi Eesti Biokeskuses on uuritud10 000 inimest eesmärgiga teha kindlaks , kas nende geenides peitub risk saada raske pärilik haigus , tsüstiline fibroos .
Aastatuhandevahetusse langeb ka üks inimkonna ajaloo suurimaid , kallimaid ja auahnemaid teadusprojekte - “ Inimese genoomi projekt ” ( ing . ) k .
Humane Genome Project ) .
Selle superprojekti raames peab aastaks 2005 selguma inimese kõigi 100 000 geeni täpne asukoht .
Kui lähtuda tõsiasjast , et ligi 60 protsenti inimestest haigestub elu jooksul mõnda geneetiliselt määratud haigusesse , tuleb tõdeda , et genoomiprojekt puudutab meid kõiki .
Molekulaarbioloogid usuvad , et siis saab meditsiin haiguste tagajärgede ravilt lõpuks üle minna haiguste ennetamisele ja nende põhjuste kõrvaldamisele .
“ Kuum ” on tänapäeva bioloogias ka valdkond , mis tegeleb närvisüsteemi uurimisega .
Ülikeerukas ja ülipõnev neuron on paljuski veel saladus .
Üks närvirakk on korraga kontaktis10 000 muu rakuga , ajus on närvirakke aga mitu miljardit .
Neuronite suhtlemist korraldab hiiglaslik eri tüüpi molekulide armee .
Kui selles pööraselt keerulises süsteemis tekib viga , võib hakata arenema Parkinsoni tõbi , või Alzheimeri tõbi või hulgikoldeskleroos …Bioloogialt oodatakse uusi lahendusi arstiteaduse ja põllumajanduse jaoks , samas kardetakse geenidega manipuleerimises peituvaid ohtusid .
Tahes-tahtmata tuleb sajandivahetuse bioloogidel tegeleda paljude eetika ja moraaliküsimustega , mille lah tiseks jätmine pole enam võimalik .
Ei tohi ka unustada , et eluteadus pakub meile fundamentaalseid teadmisi maailma mõtestamiseks , teadmisi , mis aitaksid meil kõrvale astuda ökokatastroofile viivalt teelt .
Inimkond on juba m & otilde ; nda aega teelahkmel .
Inimtsivilisatsiooni oleks justnagu sisse programmeeritud eluslooduse evolutsiooni lõpetamine .
Kas on ka muud võimalust ?
Eluteadusel on siinkohal öelda kaalukas sõna .
Tuleviku pärast mures inimkond on alati tundnud huvi selle vastu , kust me tuleme .
Huvitaval kombel on inimese põlvnemise uuringud kuulunud viimastel aastakümnetel kõige kiiremini arenevate bioloogiavaldkondade nimistusse .
Lausa rid amisi on tulnud avastusi meie kümnendil .
Näiteks on selgunud , et nüüdisinimene sündis üllatavalt kiiresti .
Selle teemanumbri koostajana loodan , et leiate kasulikku ja huvitavat lugemist , samuti mõtteid ja ideid , mis väärivad meeles pidamist ning kaasa mõtlemist .
Rakusügavuste molekulaarsetesse mehhanismidesse su keldunud eluteadus näib ühelt poolt olevat meist kaugele eemaldunud , ometigi on see , mida ta uurib , meie ise .
James Watson ja Francis Crick näitasid 1953. aastal , kuidas on ehitatud keskne pärilikku informatsiooni säilitav molekul looduses - DNA .
Õigupoolest võtsid nad kokku viimasel 10 - 15 aastal kogunenud uurimistulemused ja üld istasid need pöördeliseks läbimurdeavastuseks .
Paljud tänapäeva uurijad tõdevad , et nüüdseks kogunenud hiiglaslik andmehulk ootab uusi Watsoneid ja Cricke , kes suudaksid fragmentide kaoses näha tervikut ."
"Trükikojast on müügilettidele jõudnud järjekordne “ Horisondi ” erinumber , mis pühendatud Ungarile ja ungarlastele .
Miks just Ungari ?
Möödunud aastal meenutas meie hõimurahvas kahte tähtsat sündmust oma ajaloost möödus 1100 aastat ungarlaste asumisest nende praegusele asualale ja 40 aastat 1956. aasta Ungari ülestõusust .
See oli aasta , mil ungarlastel endil oli põhjust süüvida oma minevikku ning tundus olevat sobiv aeg tutvustada tolle suurima soome-ugri rahva ajalugu ka eesti lugejale .
Seda enam , et erinumbri toimetajana võin öelda : töö käigus süvenes minus järjest enam arusaam sellest , kuivõrd vähe me Ungarist ja ungarlastest siin Eestis tegelikult ikkagi teame .
Ajaloolane Eero Medijainen toob oma loos ära katkendi saadik Johan Leppiku omaaegsest kirjast president Konstantin Pätsile : Meie sugulusest ungarlastega on palju räägitud , kuid Budapestis leidub vaid väga väike grupp eriteadlasi , kes Eestist midagi kuulnud on .
Laiemad hulgad on vast etnograafia muuseumis näinud Volga-soomlaste osakonnas vitriini …Möödunud on ligi 60 aastat , aga kui asendada selles lõigus Budapest Tallinnaga ja Eesti Ungariga , kas oleks siis olukord teistsugune ?
Kuigi käesolev HORISONT ei anna hoopiski ammendavat ülevaadet Ungari ajaloost ja kultuurist , loodan , et ta natukenegi laiendab lugeja silmaringi ning toob Ungari ja ungarlased sammu võrra Eestile lähemale …Toimetus avaldab tänu kõigile autoritele , Tartu Ülikooli uurali keelte õppetoolile , hungarofiil Ivar Sinimetsale , Piret Norvikule Eesti Keeleinstituudist ja muidugi Tõnu Kalvetile , kelle eestvõtmisel see erinumber üldse teoks on saanud .
Ühtlasi täname toetuse eest Avatud Eesti Fondi , Kultuuriministeeriumi , Ungari Teadus- ja Kultuurikeskust Helsingis , NT Kaubanduse ASi .KÄRT JÄNES-KAPPESIKAANEL : Ungari ratsanik 10. - 11. sajandi freskolt ."
"ajaloolane TIIT SAAREMaailma ühe vanima rahvana jõudsid soomeugrilased riikluseni siiski hilja .
Erandiks on ungarlased , kelle lipust ja vapist oli juttu Ungari-teemalises erinumbris ( 2 / 1997 ) .
16. sajandil , mil Rootsi kuningas Johan III võttis endale Soome suurhertsogi tiitli , sai alguseSoome liputraditsioon .
Lipu aluseks oli 1581. aastal kinnitatud suurhertsogiriigi vapp , mille etalon asub Uppsalas Gustav Vasa sarkofaagil .
Keskseks sümboliks vapil on Rootsi vanalt vapilt võetud Folkungite lõvi .
Mõõgaga käsi ja jalgade all olev saabel pärinevad Karjala ajalooliselt vapilt .
Kogu vapp tähistas algselt rootslaste võitu venelaste üle Liivi sõjas .
Roosid tähistavad vapil ajaloolisi läänisid .
1854. aastal pakkusid Zacharias Topelius ja Otto Donner Soome värvideks sinise ja valge .
Eriti elavaks läks poleemika värvide üle 1863. - 1864. aastal .
Riigipäevale taheti esitada lipukavand , millel oli kaks valget diagonaalpalki sinisel põhjal .
Lipu keskele paigutati valge täht .
Lipukavandi motiiv pärines arvatavasti Folkungite vapikilbilt , ja nii pidi lipp ( nagu ka vapp ) rõhutama Soome ajaloolist seost Rootsiga , kuigi sel ajal oli Soome Vene impeeriumi osa .
Rootslaste vastuseisu tõttu see kampaania soikus .
Sini-valget kasutasid soome rahvuslikud kunstnikud allegoorilise Soome riietuses : valge kleit või rüü ja sinine põll või keep .
Palju kasutati värve venevastastes karikatuurides .
Esimese siniristilipu kujutis esineb ühel 1912. aasta piltpostkaardil , kus seda hoiab rahvariietes soome neiu Soome looduse taustal .
Esimene siniristilipp valmistati 1915 Preisimaal , kus soome ohvitseridest ja sõduritest moodustati Preisi 27.Jäägripataljon .
Väeüksuse lahingulipp valmistati saksa lahingulippude standardi kohaselt : laienevate harudega rist ruudukujulisel kangal .
Lipu keskel asub Soome vapp , lipu nurkades preisi kotkad .
Soome riigi- ja rahvuslipp valmistati 1918. aasta kevadel seoses kodusõjaga .
Selle ajani kasutasid nii valge- kui punasoomlased punaseid lippe , mis tekitas segadust .
Nii pidasid valgesoomlased õigemaks ennast eristada mõne teist värvi sümboliga .
Sõjaväevormi komitee joonistusosakonnale anti ülesanne kujundada uus Soome lipp .
Lipu loojad Eero Snellmann ja Bruno Tuukanen lähtusid oma töös kasutatud rahvusvärvidest ja skandinaavia ristitraditsioonist .
Siniristilipp kinnitati 29. mail 1918.
President Urho Kaleva Kekkoneni ajal korrastati riiklikku sümboolikat .
1978. aastal kinnitas ta uue lipu ja vapi seaduse .
N. Liidu lagunemine andis senistele soomeugri autonoomsetele vabariikidele võimaluse panna alus oma riiklikule traditsioonile .
Kuigi pärisriiklusest ollakse veel üpris kaugel , on neil vähemalt õigus luua ja kinnitada sümbolid , mis vastavad enam rahvuslikule traditsioonile .
Et varasem ajalooline lipu ja vapi traditsioon puudub , on sümbolid valmistatud konkursi korras .
Soome Suurhertsogiriigi lipp .
Karjala vapp .
Soome vapp .
Folkungite vapp .Preisi 27.
Jäägripataljoni lipp .
Topeliuse / Donneri lipukavand .Soome riigilippKarjala lipuks pakuti algul Akseli Gallen-Kallela 1920. aastal kavandatud lippu .
Seda peeti aga liialt natsionalistlikuks ja seepärast võeti aluseks Karjala NSV ( 1953 - 1956 ) riigilipp .
Punane sümboliseerib ajalugu , sinine veerikkusi ja roheline metsi .
Gallen-Kallela vapikavandil olnud karu leidis , erinevalt lipust , karjala poliitikute heakskiitu ning ta kinnitati lipuvärvides kilbile .
Vapikilpi ääristab kuldne servis , mis laieneb väljapoole rahvuslikuks kuuskornamendiks .
Vappi kroonib päikese sümbol , mänd .
Lipp ja vapp kinnitati 1993.
Udmurtia lipuvärvid võeti rahvariietelt .
Juri Lobanov kujundas esialgse lipu 1992.
Selleks oli valge-punane-must trikoloor toleze märgiga keskel .
Valge sümboliseerib igavikku ja taevast ; punane elurõõmu ja päikest ; must maad ja stabiilsust .
Toleze ehk mänd on päikesemärk .
Lipu kinnitamisel 1993. aastal värvide järjekorda ja asendit muudeti .
Udmurtia vapiks pakkus J. Lobanov soomeugrilaste tootemlindu , luike , punasel sõõril .
1994 kinnitatud vapil on aga põhisümboliks tiibadega olend , mis kehastab surnute hingi .
Inspiratsiooni on siin saadud udmurtide esivanemate hingede austamise usundist .
Komi lipu juures võib leida Eesti trikoloori eeskuju .
Tõsi , musta asendab taigat sümboliseeriv roheline .
Sinine tähistab taevast , valge soomeugrilaste tootemlindu , luike .
Komi vapil on põhikujundiks kuldne pistrik , tuuletallaja , mida seostatakse päikese ja vihmaga .
Kulli rinnal on rahvuslikust arhitektuuriornamentikast üle võetud päike , mida ümbritsevad kiirtena päikesepõdra pead .
Kõik see seostub ka punase kilbivärviga .
Vere värvina sümboliseerib punane elujõudu .
Vanavene ürikute andmetel kasutasid marid lippe juba sajandeid tagasi .
Kuna ürikutes puudub nende lippude , tistede , kirjeldus , siis hakati pärast N. Liidu lagunemist otsima uusi lahendusi .
Filoloog V. Aktsorin ja kunstnik I. Jefimov pakkusid rahvusvärvideks pruuni , kollast ja valget .
Maride legendi järgi olevat elu tekkinud pruunist savist .
Kuldne päike aga koorus valgest pardimunast .
Lipukonkursile esitatud töödest valiti välja ja kinnitati 1992. aastal G. Bulõgini kavand .
Sinine kitsas laid lipul sümboliseerib taevast ja taevajumalannat Ilmatajurti .
Valge on soomeugrilaste traditsiooniline värv , mis sümboliseerib veelindu .
Punane pärineb rahvamustrist , ja seda rõhutab ka punane rahvamustri fragment ning kiri Mari El .
Vapi kinnitamisel lähtuti endisest Vene NFSV vapist .
Punasel kilbil olnud sirbi ja vasara asemele paigutati kullatud kilbile rahvusornament .
Viljapeadele lisati tamme- ja lehiseoks .
Pärga seob lipuvärvides lint .
Vapp kinnitati 1993.
Mordvalased kasutasid mõnda aega lippu , mille aluseks oli endise Vene NFSV lipp .
Mokša-Mordva lipul olid sinine ja punane laid eraldatud valge püsttriibuga , mis sümboliseeris Mordvast läbivoolavat Volga jõge .
Sümbolid sinisel püstlaiul viitasid mordvalaste asualale Volgast läänes .
Kolm kollast triipu tähistasid mordvalaste ajaloo perioode : muistset omariiklust , ajutist iseseisvust Vene impeeriumi lagunemisel 1917 ja uut pürgimist iseseisvuse poole , mida sümboliseeris ka päike .
Lipp jäi siiski kinnitamata ning 30. märtsil 1995 sai Mordva Vabariigi parlamendi otsusel ametlikuks hoopis uus , mitmete kavandite hulgast välja valitud lipp .
Mordva Vabariigi Rahvusasjade Komitee peaspetsialisti Andrei Alekšini lipukavand ( värvid , kitsad äärelaiud , embleem ) oli ilmselt inspireeritud Mari Vabariigi trikoloorist .
Mordva lipp erineb maride omast selle poolest , et punane ja sinine laid on vahetatud ning embleemi all puudub riigi nimetus .
Muus osas sümboliseerivad värvid samuti rahvuslikku traditsiooni ( punane ) , soomeugri päritolu ( valge ) ja veerikkust ( sinine ) .
“ Kalasabadest ” oktagramm , rahvariiete traditsiooniline mustrielement , sümboliseerib päikest , elu ja viljakust .
1995. aastal kinnitati ka Mordva vapp .
Selle keskseks sümboliks on rahvusvärvides heraldiline kilp ( prantsuse kilp ) , millel omakorda kilbike Mordva pealinna Saranski vapiga .
Kolme noole ja rebase kujutisega vapp pärineb 1781. aastast , mil järjekordselt korrastati Vene impeeriumi kubermangude ja linnade heraldikat .
Vapikilpi ümbritseb Mordva naiste traditsiooniline kaelaehe .
Kaelaehte laiemas osas olevad oktagrammid tähistavad Mordva pealinna ja rajoone .
Riigi ühtsust tähistav oktagramm asub vapi ülaosas kaelaehte harude otstes .
Vappi organiseerib kahest viljapeast pärg ja seda siduv rahvusvärvides lint .Handi-MansiVabariigi lipp kinnitati 14. septembril 1995.
Oma ülesehituselt kujutab see 180 kraadi võrra pööratud Komi lippu .
Kuna trikoloori valge laid on Vene lipule sarnaselt ülal , siis võis Handi-Mansi lipu inspireerijaks olla Föderatsiooni sümbol .
Valge laiu vardapoolsel osal paiknev W-d meenutav ornamendi katkend sümboliseerib rahvuslikku omapära ja identiteeti .
Valge ise tähistab puhtust ja lund ning kuulumist soomeugrilaste hulka .
Roheline on looduse ja taiga , sinine jõgede ( Ob , Irtõš ) ja veerikkuse värv .
Samas kasutatakse rohelist ja sinist riigi põhivärvidena vimplitel ja lintidel .
Handi-Mansi vapi punasel kilbil on stiliseeritud linnud , kilbi peal ornamendi katkend , rohelistest okstest pärga hoiab koos sinine lint hõbedase kirjaga JUGRA .
Neist soomeugrilastest , kel pole mitte mingisugustki oma riiki , kasutavad rahvuslippu ingerisoomlased ja liivlased .
Ingeri rahvusvärvid pärinevad ajalooliselt Ingerimaa vapilt , mille 17. sajandil rootslased kinnitasid Nevanlinna ( Nyenskans ) tunnuseks .
Neeva jõge sümboliseeriva sinise lainepalgiga ja seda ääristavate punaste müüridega kuldne vapikilp iseloomustas algselt rootslaste piirikindluse asukohta Neeva jõe suudmes praeguse Petropavlovski kindluse lähedal .
Peeter I ajal kujunes Nevanlinna vapp kogu Ingerimaa heraldiliseks tunnuseks .
Eesti Vabadussõjas oli see vapp ka Ingeri polgu embleemiks .
Ingeri värvides lipp kujundati traditsioonilise skandinaavia ristilipu eeskujul .
Sinine rist rõhutab ingerlaste soome päritolu , punane ja kollane ajalugu .
Sugulust soomlastega väljendab ka vepslaste ristilipp .
Kollane sümboliseerib päikest ning roheline metsarikkusi .
Oma värvidelt kattub vepsa lipp osaliselt Karjala omaga , mis viitab vepslaste ja karjalaste asualade lähedusele .
Sinine ja roheline värvigamma kordub veel liivlaste rahvuslipul .
Liivlaste trikoloori aluseks olid Kuramaa värvid , millede ajalugu ulatub tagasi 18. sajandisse .
Saksamaa ülikoolides õppivad kuramaalased asutasid 18. sajandi lõpul Curonia korporatsiooni .
1808. aastal taasasutasid kuroonlased oma organisatsiooni Tartu Ülikoolis , pannes sellega aluse intiimorganisatsioonidele ka siin .
Kuroonlaste värvitraditsiooni järgi asus valge trikoloori alumisel laiul .
Siit muuseas ka Eesti lipu värvide järjestus .
Liivlased kujundasid oma lipu Läti rahvuslipu eeskujul , kus värve lahutav valge triip sümboliseerib Daugava ( Väina ) jõge .
Roheline on aasade ja metsade ning sinine mere värv .
Saamide neljavärvilise lipu autoriks on norralane Astrid Båhl ja see võeti vastu saamide ülemaailmseks sümboliks saamide 13. konverentsil 15. augustil 1986. aastal Åres .
Lipp sümboliseerib kõigepealt saamide asuala nelja riigi territooriumil : Norra ( Finnmark ) , Rootsi ( Lappland ) , Soome ( Lapi ) , Vene ( Murmansk ) .
Mingil määral kajastavad neid riike ka värvid ise : Norra - punane ja sinine , Rootsi - kollane ja sinine , Soome - sinine , Vene - punane ja sinine .
Roheline on Lapimaa tunduri , tundra värv .
Punane-sinine rõngas sümboliseerib laplaste ühtsust ning päikest ( sinine - polaaröö , punane - polaarpäev ) ."
"meedik HARRI JÄNESKaua aega reageerisid meedikud teadetele kasvajate ootamatust taandarenemisest naeratusega või viitega eksliku diagnoosi võimalusele .
Nüüd on eksperdid jõudnud üksmeelele : iseeneslikku paranemist esineb küll harva , kuid niisugused haigusjuhud on tõestatud .
Arvatakse , et maailmas tuleb ette 20 - 30 vähisümptomite iseenesliku nõrgenemise juhtu aastas .
See tähendab , et 60 000 - 100 000 vähihaigest ühel täheldatakse mööduvat või püsivat paranemist ( tervenemist ) .
Kuid nendesse andmetesse tuleb suhtuda ettevaatlikkusega , sest teaduslikus trükisõnas kirjeldamata juhtude arvu ei ole võimalik ligikaudugi oletada .
Pealegi ei tarvitse pahaloomulise kasvaja täielik või osaline kadumine olla sõna täpses mõttes iseeneslik .
See võib toimuda näiteks mõne muu haiguse ravimisel arstimitega , mille toimet täielikult veel ei tunta .
Teated kõige sagedamate kasvajate - kopsu- , rinna- , eesnäärme- , mao- ja emakavähi iseeneslikust paranemisest on erakordselt haruldased .
Umbes kaks kolmandikku juhtudest on seotud harvem esinevate vähiliikidega : neeruvähk , pahaloomuline melanoom , laste neuroblastoom , Hodgkini tõbi ehk lümfogranulomatoos ja krooniline lümfaatiline leukeemia .
Need on kasvajad , mis hästi alluvad immuunravile .
Paljudel spontaanse paranemise juhtudel on täheldatud mööduvat bakter- või viirusnakkust .
Sellest tingitud organismi kaitsvad immuunreaktsioonid võisid mõjutada ka kasvaja taandarengut .
Seni pole siiski vastust küsimusele , miks vallandub kasvaja taandareng ja kuidas see toimub .
Mis sunnib vähirakke minema enesetapmisele ?
Olemasolevad hüpoteesid ei rahulda .
Ka ei ole teada kindlat elustiili , mis soodustaks vähi iseeneslikku paranemist .
Tõsi küll , 4000 spontaanse taandarengu juhu analüüsimisel leidsid California vähiuurijad , et seda võib oodata eelkõige inimestel , kellel on tugev võitlejavaim , keda toetavad perekonnaliikmed ja sõbrad .
Eks ole õpetlik selline tagasihoidlikki järeldus ."
"Tallinna Pedagoogikaülikooli doktorant KAIVO THOMSONMis on talvedepressioon ?
Kuidas saab punase valgusega maohaavu ravida ?
Kuidas mõjutab meid valgusfoori nägemine ?
Miks on meie meeleolu lootusrikas ja rõõmus kevadel ning miks valdab meid masendustunne sügisel ja talvel ?
Uuringud näitavad , et USAs kohtab talvedepressiooni ( SAD - Seasonal Affective Disorder ) kergemal kujul 14 protsendil ja raskemalt 6 protsendil inimestest .
Põhjus - optilise kiirguse ehk laiemas mõttes valguse vähesus ümbritsevas keskkonnas .
Kui suur osa eestlastest vaevleb talvedepressiooni käes , seda oskame täpselt öelda alles pärast analoogilisi uuringuid , aga eeldatavasti on meil taolisi inimesi tunduvalt enam kui Ühendriikides , kuna Eesti laiuskraadidel on ligikaudu pool aastast niisugust aega , mil päikesevalgust on vähevõitu .
Kas teid vaevab SAD ?
Ameerika Ühendriikide Psühhiaatria Liit klassifitseeris talvedepressiooni 1987. aastal süsteemi DSM-III R järgi nime all SAD .
Millest teda ära tunda ?
Inimese meeleolu langeb , ta ärritub kergesti , teda vaevab seletamatu pinge , väsimus , suureneb söögiisu , kaob huvi seksuaalelu vastu , tekib tahtmine sulguda üksindusse , kaob otsustusvõime ja tegutsemisenergia , antidepressandid ei aita , inimene muutub vastuvõtlikumaks infektsioonidele ning somaatilistele haigustele ( radikuliit , lihasvalud ) .
Kuidas talvedepressiooni vältida ?
Kasu saame värvusteraapiast ehk monokromaatilise optilise kiirguse kasutamisest , mille abil saame mõjutada organismi täiendavalt nende elektromagnetvälja sagedustega , millest muidu vajaka jääb .
Ja loomulikult on tarvilik mitmekülgne toit ning optimaalne kehaline koormus , vajaduse korral ka psühhoteraapia .
Kui vaadelda organismi anumana , mis aja jooksul täitub keskkonna ( ka sotsiaalse ) poolt põhjustatud häiretega , siis teatud hetkel , n.-ö. viimase tilga lisandumisel , hakkab see anum üle voolama .
Tekivad häired , s.t. vaevused ja haigused põhimõttel , et kett on nii tugev kui tema kõige nõrgem lüli .
Seetõttu ei tuleks alahinnata ühtki teraapiat või profülaktikavõimalust , sh. ka värvusteraapiat , mis aitab edasi lükata organismi vastupanuvõime langemist ja immunoloogiliste süsteemide nõrgenemist .
Teeme ise !
Meid ümbritseb kõikjal elektromagnetväli .
Elektromagnetväli levib elektromagnetlainena , mida vastavalt lainepikkusele nimetatakse kas vahelduvvoolu väljaks , raadiolaineteks , optiliseks kiirguseks , röntgenikiirguseks , gammakiirguseks , kosmiliseks gammakiirguseks jne .
Optilise kiirguse ehk laiemas mõttes valguse alla kuulub peale nähtava valguse ka ultraviolett- ja infrapunane kiirgus .
Nähtava valguse spekter on keskmiselt 380 ja 720 nm vahel ( leidub inimesi , kelle silm tajub ka vahemikku 300 - 900 nm ) .
Nähtava valguse võib tinglikult jagada kolmeks võrdseks osaks : sinine ( 400 - 500 nm ) , roheline ( 500 - 600 nm ) ja punane ( 600 - 700 nm ) .
Inimesele on eluks vajalik optimaalne elektromagnetvälja mõju , vastasel korral tekivad häired kogu organismis .
Need kõrvalekalded võivad olla tingitud :välistest põhjustest - keskkonnas on kas liiga palju või liiga vähe elektromagnetlaineid , sealhulgas valgust ;sisemistest põhjustest - kahjustuste tõttu rakkudes , kudedes ja organites on häirunud reaktsioonid elektromagnetlainetele , sealhulgas valgusele .
Kui püüame asendada puudujäävat looduslikku valgust kunstlikuga või mõjutame inimest stressi vältimiseks optilise kiirguse teatud lainepikkustega , võimegi rääkida värvusteraapiast .
Koostöös Rootsi spetsialistidega on klubi “ Kaks Tuhat ” teadussektoril koos TPÜ ja Eesti Valgustehnika Liiduga kavas käesoleval sügisel kasutusele võtta uus meetod , mis on viimasel viiel aastal rakendamist leidnud Rootsis , USAs , Šveitsis ja Inglismaal .
Ksenoomiga täidetud lambid annavad päikesevalgusega peaaegu identse spektri .
Erinevad lainepikkused saadakse lineaarseid interferentsfiltreid kasutades .
Patsient asub spetsiaalse kerakujulise ruumi sees , kus nägemisväljas kontuurid puuduvad .
Sarnane on ka lumepimeduse nähtus .
Selle võib põhjustada mägedes tuisune ja sombune ilm suusatajaile , kus kõik tundub ühtlase lumeseinana või kokkusulanud hallikasvalge maa ja taevas polaarlendureile .
Tekib visuaalse mulje täieliku kadumise tunne , väljalülitamine või kustumine .
Seda nimetatakse Wolfgang Metzgeri 1930. aastate uurimustest alates Ganzfeldi efektiks .
Suunates optilise kiirguse erinevad lainepikkused kõne all olevasse kerakujulisse ruumi , osutub patsient teatud ajaks ümbritsetuks igast küljest vastavate lainepikkustega ning selle tagajärjel algavad edasised ahelreaktsioonid nii alateadvuslikus psüühilises tundeelus kui ka mikrobioloogilisel rakutasandil .Ühevärvilised värvidOptilise kiirguse ehk värvide ehk siis ka värvusteraapia mõju inimesele võib omakorda olla kas psühholoogiline või psühhofüsioloogiline .
Värvusteraapia psühholoogiline külg toetub asjaolule , et inimene tajub nähtavat valgust värvustena , millega seostuvad seisundid , emotsioonid ja kogemused nii teadvuses kui ka alateadvuses .
Valguse psühhofüsioloogiline toime ilmneb peamiselt optilise kiirguse otseses mõjus rakkudele , kudedele ja organitele .
Erinevused on põhimõttelised ja seisnevad järgnevas .
Meie silmad näevad värve terviklikult , mitte erinevatest lainepikkustest koosnevatena ( psühholoogiline aspekt ) .
Tegelikult leidub palju nähtava valguse lainepikkusi , mida inimene näeb näiteks rohelisena .
Seda nähtust nimetatakse metameeriaks ehk tinglikuks värvisamasuseks .
Spektraalanalüüs aga näitab , et rohelise värvi aisting silmas võib koosneda erinevatest lainepikkustest ja lähtevärvidest .
Absoluutne värvisamasus on 10 nm piires .
Selliseid värve nimetatakse monokromaatilisteks ehk rangelt ühevärvilisteks ( psühhofüsioloogiline aspekt ) .
Värvusteraapias kasutatavad valgusallikad peavad eraldama monokromaatiliste värvuste lainepikkusi või siis peab kunstlik valgus sarnanema looduslikule spektrile .
Psühhofüsioloogiliselt saab inimest mõjutada kolme liiki värvusteraapiaga : laser- , valgus- ja värviteraapiaga .
Monokromaatiline optiline kiirgus ja laserVärvusteraapia osa , mille füsioloogiline mehhanism sarnaneb laseri mõjule , tähendab rakutasandil optilise kiirguse lainepikkuste absorbeerumist fotoretseptorite poolt , mis on aluseks raku ainevahetuse ahelreaktsioonidele .
Kiirgusallikana kasutatakse erinevate lainepikkustega laserit ja interferentsfiltritega ksenoonlampe .
On tehtud kindlaks , et valguse monokromaatilisus 10 - 20 nm piires on sarnase fotobioloogilise toimega nii filtreeritud valgusel kui ka laseril .
Uurimistulemusi laserite kasutamisel iseloomustab tabel 1.
On ilmnenud , et kuigi päikesevalgus sisaldab kõiki lainepikkusi , ei anna need korraga kasutades samasugust raviefekti , mida saadakse monokromaatilisi lainepikkusi eraldi kasutades .
Samuti on n.-ö. väsinud ja kurnatud rakud valgustundlikumad saadavatele lisavalgusannustele .
Siinjuures on oluline teada , et kiirituse hulk üle 1 miljoni wati / m 2 kohta hävitab või pidurdab elusate kudede arengu .
Kõiki rakkudega tehtud katsete tulemusi ei saa otseselt üle kanda organismile kui tervikule , kuid mõningate tulemuste kasutamine on osutunud edukaks .
Näiteks kasutatakse värvusteraapias punase valgusega heelium-neoonlaserit maohaavade raviks .
Kiiritus intensiivistab ainevahetust , rakkude jagunemine kiireneb ja haavand paraneb rutem .
Sügavsinist on kasutatud vastsündinute kollatõve ravimisel .
Vastav lainepikkus , tungides läbi naha siseorganitesse ja vereringesse , lõhustab seal tekkinud mürgid .
Sinise värvi abil ravitakse veel kurgupõletikku ja kõrvapõletikku .
Talle omistatakse põletikuvastast ning rahustavat , trankvilisaatori toimet .
Taani arst Niels Finsen kes võttis tuberkuloosi raviks kasutusele ultraviolettkiirguse , tunnistati selle eest 1903. aastal Nobeli preemia vääriliseks .
Värvusteraapiat , just punase värvi sagedusi , kasutas ta ka armide ärahoidmiseks , mis tavaliselt tekivad pärast haigestumist rõugetesse , tuulerõugetesse või leetritesse .
Andmeid on ka teiste värvitoonide ehk erineva pikkusega elektromagnetlainete mõju kohta paljudele haigustele .ValgusVärvusteraapia teine haru kasutab ära täisspektrivalguse mõju hormoonidele , ehk teisisõnu valgusteraapiat .
Kortisoon on ärkveloleku hormoon , mille tootmiseks vajab inimorganism valgust ( valge täisspektrivalgus tõstab kortisooni taset ) .
Päevade lühenedes ja tavalise tehisvalguse korral hakkab aga domineerima hoopis teine hormoon - käbinäärmest nõristuv melatoniin , mis põhjustab väsimist päeval ja uinumishäireid öösiti .
Tekib stress , hiljem masendus ja depressioon .
Uuringud on näidanud , et tavaline tehisvalgus erineb oluliselt looduslikust ( joon . 1 ) .
Valgusteraapias kasutatav värvispekter vastab aga looduslikule .
Loodusliku valguse omadustega valgusallikaid toodetakse näiteks USA firmades The SunBox Co .
, Bio-Brite , Inc .
, Apollo Light Systems , Inc .
Eestis saab neid tellida ühenduse “ Kaks Tuhat ” kaudu .
Algselt olid nn. True-Lite valgustid mõeldud kasutamiseks NASA kosmoselendude programmis elutähtsa looduslähedase valguse saamiseks mehitatud kosmoseaparaatides .
Praeguseks on USA kõrgeim tervishoiuorganisatsioon ( FDA ) tunnistanud taolised valgusallikad raviseadmeks ning neid kasutatakse sagedasti .
Raviks või ka profülaktikaks on igaühel võimalik valida koju või bürooruumidesse erineva hinnaga 200 - 10 000 luksiseid n.-ö. ravilampe .VärvidKolmas osa värvusteraapiast on seotud kolvikeste ja kepikeste ehk silma värvustundlike rakkudega ning tähendab värviteraapiat .
Värvusaisting kujuneb kolme tüüpi kolbrakkude aktiivsuse sünteesina , mis erinevad valguse neeldumise jaotumise poolest .
Katsetega on tõestatud , et inimene märkab lainepikkuse muutust 2 nm võrra , tajudes seda uue värvina .
Seega eristab inimene u 150 erinevat värvi ja kuni 7 miljonit erinevat tooni ning varjundit !
USA Rahvusliku Standardite Büroo nimekirjas on toodud 7500 värvi .
Lähtudes värvusaistingu kujunemisest silmas , ei pea me interjöörides rakendama 7 miljonit ega ka mitte 7500 värvi , kuid ainult 1 - 2 värvi eelistamine ei ole samuti õige , olgugi , et need värvid meile meeldivad .
Ühetooniline ruum kutsub esile väsimuse ja roidumustunde .
Põhjuseks on värvitundlike rakkude ebaühtlane koormus .
Üks värvitoon koormab üht liiki kolvikesi , samal ajal kuiteised on jõude ega väsi .
Et kompenseerida mõne monokroomse värvi poolt põhjustatud värviväsimust , on vaja tasakaalustada värvitundlikele rakkudele antud ärritusi , st. tuleb koormata ka neid kolvikesi , mis reageerivad teistele värvidele .
Nii võime vaadelda värvide valikut enda ümber värviteraapiana .
Värviteraapia sisaldab ka psühholoogilisi elemente ning on seega üleminekuvorm psühhofüsioloogiliselt värvusteraapialt psühholoogilisele .
Psühholoogiline värvusteraapia tugineb kas fülogeneesile ( evolutsioonilisele arengule ) või ontogeneesile ( organismi individuaalsele arengule ) - mõlemal puhul kasutatakse värviteraapiat .Aegade jooksulFülogeneesi ehk evolutsioonilise arengu käigus on tekkinud olukord , kus inimene instinktiivselt ( alateadvuslikult ehk tingimatute reflekside toimel ) on hakanud seoses öö ja päeva vaheldumisega reageerima tumesinisele kui rahustavale värvile .
Kollane värv - vastupidi - ergutab närvisüsteemi .
Rohekad värvid meenutavad looduse rohelust ja nähtusi , mis assotsieeruvad rahu ning elu tärkamisega .
Punane värv seostub verega ja võitlusega , samuti tule laastava jõuga , ning mõjub üldjuhul ärritavalt .
Ta tõstab vererõhku , suurendab hingamissagedust ja lihaste valmisolekut tööks ning stimuleerib aju tegevust .Oma kogemusOrganismi individuaalse arengu ehk ontogeneesi ehk elu jooksul tekivad samuti seosed erinevate esemete , sündmuste , olukordade , emotsioonide ja seisundite ning nende taga seisvate ärritajate vahel , milleks võivad olla ka värvused .
Lihtsaim näide siinkohal oleks valgusfooriga risttee ületamine .
Kuidas me aga käitume valgusfoori kollase tule korral ?
Sõltuvalt seisundist ja närvisüsteemi omadustest me kas läheme üle tee või mitte .
Kõige tähtsamad on värvuste seosed meie tunnetega .
Iga inimene võib leida oma elust näiteid , mille puhul mingi sündmus või ese meenutab teatud värvust , mis kinnistub pikemaks ajaks mingi positiivse või negatiivse emotsiooniga ning mõjutab hiljem kordudes meie meeleolu .
Psühholoogilise ja psühhofüsioloogilise eristamine värvusteraapias on tinglik - nii on lihtsam mõista valguse mõju inimesele .
Tegelikkuses on värvusteraapia optilise kiirguse toime läbipõimunud ja kutsub esile muutusi nii psühholoogia kui ka biokeemia tasandil .
Millest on vajaka ?
Optilise kiirgusega on niisiis võimalik ravida mitmeid hädasid .
Kuid kuidas teha kindlaks need lainepikkused , millest organism hetkel puudust tunneb ?
On oletatud , et füsioloogiline vajadus ja vastava aistingu diferentseerimisvõime on omavahel seotud .
Talvedepressiooni puhul oleks füsioloogiliseks vajaduseks - vajadus nähtava valguse lainepikkuste järele .
Aistingu diferentseerimisvõime all tuleks aga mõista nähtava valguse lainepikkuste eristamise kiirust ja täpsust .
“ Valgusnälga ” saab määrataLähtudes meie organismi terviklikkusest ei ole näiteks kehatemperatuuri tegelikuks põhjuseks naha temperatuur ega pulsi sageduse tegelikuks põhjuseks südame töö kiirus , vaid nad peegeldavad kogu organismi seisundit .
Samamoodi kajastab organismi vajadusi ka näljatunne .
Tarbib ju inimene just seda toitu , mille järgi tunneb vajadust .
Ja ilmselt ei ole kellelegi uudiseks , et pikka aega rahuldamata vajadus hakkab pikapeale tekitama pinget , stressi ja depressiooni .
Analoogiliselt viimasele näitele võib vaadelda ka teatud sagedusega valguslainete või footonite “ nälga ” .
Ühenduse “ Kaks Tuhat ” teadussektoris ongi loodud meetod , mis võimaldab määrata kindlaks vastavad küllastusastmed organismis .
Meetod sisaldab programmi personaalarvutile , mis võimaldab testida toonide eristamist erinevate värvide korral .
Kõigepealt tuleb meelde jätta arvuti kuvaril demonstreeritavate värvide ( minimaalselt ) erinevad toonid .
Testi käivitudes tuleb võrrelda võimalikult kiiresti ja õigesti mällu talletunud toone testimise ajal esitatavatega ja seejärel vajutada arvuti klahvidele vastavalt juhendile .
Just selle testi baasil uuritakse Tallinna Pedagoogikaülikooli spordibioloogia õppetooli juures värviaistingute ja värvimälu muutumise dünaamikat ning leitakse korrelatiivsed seosed spektri nähtava osa erinevate lainepikkuste diferentseerimisvõime ja optilise kiirguse erineva küllastusastmega perioodide vahel meid ümbritsevas keskkonnas .
Nimetatud uuringud on käivitunud mitmetes Eesti maakondades .
Jääb vaid loota , et koostöö Eesti kõikide piirkondadega areneb Interneti ja “ Tiigrihüppe tarkvara keskuse ” vahendusel kiiresti .
Kokkuvõtvalt võib praeguste katsetuste järgi öelda , et uus meetod võimaldab saada tulemused , mis annavad ( peamiselt täiskasvanud inimestele ) võimaluse ennetada talvedepressiooni ning laste puhul aitavad täpsemalt määratleda värvitaju kui psühhofüsioloogilist võimet .
PIKEMALT “ HORISONDI ” TRÜKINUMBRIS !"
"Mis laule ta ikka laulab !
Kui , siis vahest midagi nostalgilist - lootusest saada suhu mõne põnevama joogi , näiteks glögi , maitset .
Aga oot-oot !
Mingit praginat või susinat sealt vahel tuleb küll .
Ega siis muud , kui kuulame järele .
Paneme teekannu pliidile , kella lauale ja lülitame müraallikad välja .
Mis kuulda-näha , selle kirjutame tabelisse .
Enne iga ülestähendust kiikame kella poole , et teada , mitu minutit kannu pliidile asetamisest möödas on .
Ah jah , kannu tuleb vett ka valada .
Meie võtsime ühe liitri .
Kerge krõbin .
6-aastane Anu ütleb : “ Täpid ” Veepind on väga rahutu , sealt väljub hulgaliselt mulle , mis lõhkevad .Vesi keebSelliseid tähendusi tegime kahel korral .
Tulemused erinesid vaid selle poolest , et teisel korral ilmusid täpid paarminutit varem , kuna elektripliit oli kohe kuum .
Millest need häälitsused ?
Pakume omalt poolt järgmise selgituse .
Et vett soojendatakse altpoolt , siis tekivad aurumullid kannu põhja lähedal .
Kuna mullid on hõredamad ( väiksema tihedusega ) kui vesi , hakkavad nad , nii nagu soojenenud vesigi , ülespoole kerkima .
Mida lähemale pinnale , seda jahedam on vesi .
Mullid annavad oma siseenergiat veele , mille tulemusena rõhk mullis alaneb .
Rõhk väljastpoolt on suurem ( veesamba rõhk + atmosfäärirõhk ) .
Mull pressitakse kokku .
Heliefektid , mis kannust kostavad , pärinevadki õhu- ja aurumullide lõhkemisest .
Kui mull edasise kuumutamise käigus sedavõrd suure rõhu saavutab , et ta vee survele vastu peab , jõuab ta pinnale ja lõhkeb õhu käes .
Õhu käes lõhkemisel on hääl aga hoopis teistsugune kui tihedas vees lõhkemisel .
Mis tossu sealt väljus ?
Enamus vastab selle peale - see on ju aur .
Aga veeauru on õhus alati , ja me ei näe seda !
Udu aga näeme küll .
Ja udu see ongi .
Kuidas nii ?
Vesi ju aurab !
Seda küll .
Kuid pinna kaudu veest õhku väljunud kiired molekulid põrkavad kokku hoopis aeglasemate molekulidega ( köögis ju pole 100 kraadi sooja ) .
Kaotanud kiirust , viibivad osakesed üksteise läheduses nii kaua , et nende vahel mõjuvad tõmbejõud suudavad nad piisakesteks kokku tõmmata .
Tihe veepiisakeste kogum õhus - see ongi udu .
( Analoogia mõjutamise aja tähtsuse kohta : kui lööd käega teisele laksu vastu peopesa ja tõmbad käe ruttu ära , on raske kätt kinni haarata .
Aeglase käe saab kergesti kätte .)Vett keetsid Anu ja Mart KuurmeMART KUURME ( 1948 ) on Tallinna Reaalkooli direktor ja loodusteaduste õpetaja , Anu aga tema kuueaastane tütar ."
"Ühe põlvkonna keskmiseks pikkuseks arvestatakse 30 aastat .
Kolmkümmend aastat on ilmunud ka HORISONT , kuid kindlasti on see ajakiri kogu oma eksistentsi jooksul mõjutanud kolme-nelja eri põlvkonda kuuluvaid eestlasi .
Need , kes 1967. aastal keskkooliõpilastena leidsid HORISONDI olevat oma ajakirja , on tänaseks juba noorte vanaemade-vanaisade eas .
Need kolm aastakümmet sisaldavad endas nii stagnatsiooni kui revolutsiooni .
Loomulikult leidub kõike seda suuremal või vähemal määral ka HORISONDI aastakäikude veergudel .
Kui otsida vastust küsimusele , et millal oli HORISONDI kuldaeg , tuleb küll vist appi võtta trafaretne ütelus “ parim aeg on veel ees ” .
Kindlasti ei õnnestu ajakirjal enam kunagi jõuda50 000liste tiraazhideni , nagu 1970. aastate alul “ sotsialismi kasvuhoones ” , ning teiselt poolt , loodetavasti ei saabu enam kunagi aegu , kui kogu meediat viimase üksikasjani välja kontrollib riik , olgu ta siis milline tahes .
HORISONT on muutunud koos muutuva Eesti ühiskonnaga , koos muutuva maailmaga .
Kogu ilmumisaja on ajakiri olnud oluline tribüün , mille kaudu eesti teadlased on pakkunud huvilisele lugejale võimalust olla kursis nii kodumaise kui maailmateadusega .
Teadmishimulisi lugejaid on Eestimaal leidunud aga juba F.R. Kreutzwaldi “ Ma-ilm ja mõnda … ” sünniaegadest alates .
HORISONT on alati üritanud lugeja ette tuua laia maailma , ka neil aegadel , kui avarale silmapiirile kitsast vaatepunkti eelistati .
Lugejaküsitlused näitavad , et neid on palju , kellele ajakirja “ kaudu ” reisimine meeldib .
Loodetavasti hakkavad trükisõna ja filmilindile jäädvustatud reisimuljed tänase lugeja jaoks varasemast ka hoopist erinevat rolli omandama .
Huvitav reisikiri kulub marjaks ära oma reisiplaanide kavandamisel ning pole enam pelk tutvumine paigaga , kuhu ise kunagi ei pääse .
Oma 31. aastakäiku alustav HORISONT on niisiis “ uue põlve HORISONT ” .
Loodame teile , head lugejad , pakkuda tasakaalustatud ajakirja , mis detailidesse laskumata räägib olulistest teadusmaailma uudistest nii humanitaaria kui reaalia vallas ning on omalaadseks aknaks maailma .
Infokiirteede ajastul ei valitse küll informatsiooni kui säärase puudus , kindlasti jääb vajaka aga üldistavast ja korrastatud teabest .
Just niisugust infot aga HORISONT sisaldabki ."
"Hedi KolkVähe on neid veinisõpru , kes poleks kunagi maitsnud selliseid Ungarimaa ande nagu erinevad tokaid , Egri Bikavér , Soproni Kékfrankos .
Ungarlased on headest veinidest alati lugu pidanud ning nende veinitoodangut on ka kaugemal hinnatud .
Esimene teade Eestiski tuntud Tokaji Aszú rahvusvahelisest edust pärineb juba aastast 1562.
Trento kirikukogul pakkunud Zagrebi piiskop György DraskovichTállayi ehk Tokaji veini Rooma paavst Pius IV le , mispeale viimane öelnud : Summum pontificem talia vina decent sellised veinid sobivad kõige kõrgemale vaimulikule .
Praegu katavad viinamarjaistandused Ungaris 150 000 ha ja aasta keskmine veinitoodang on ca 5,5 miljonit hektoliitrit .
Euroopa veinitootjate seas peaks Ungari olema üheksandal-kümnendal kohal , eksportijaist viies või kuues .
Põhja ja lõuna vahelLooduslike tingimuste poolest jääb Ungari põhjapoolsete ja lõunapoolsete viinamarjakasvatuspiirkondade vahele .
Euroopa põhjapoolseid veine iseloomustab intensiivne maitsebukett ja aroom , kuna aga marjad saavad vähem päikesepaistet ja soojust , on neis ka vähem suhkrut ja veinide happesus on kõrgem .
Sellistes veinides pole alkoholisisaldus eriti kõrge ning nad on meeldivalt kerged ja värsked .
Päikese poolt hellitatud lõunapoolsetest viinamarjadest saab aga üldjuhul täidlasi , aromaatseid , kõrge alkoholisisaldusega veine .
Madjarite viinamarjaväljad saavad aastas umbes 2000 tundi päikesepaistet ja suhteliselt soe ning pikk vegetatsiooniperiood on soodus iseloomuliku maitsebuketi kujunemisel , ilma et veinid liialt happelised oleksid .
Seepärast peetaksegi Ungari veine nii headeks janukustutajateks kui ka tõhusaks toidukõrvaseks .
Neli suurt , 13 - 20 väiksematUngarlased eristavad ise oma maal 13 - 20 veinitootmispiirkonda vastavalt looduslikele tingimustele ja kasvatatavatele viinamarjasortidele .
Suured rahvusvahelised veinijuhid ehk käsiraamatud peatuvad küll pikalt Prantsusmaa provintsidel , Ungari jaotatakse aga tuntumate veinide päritolu järgi enamasti neljaks .
Ungari suurim veinitootmispiirkond , kus asub ligi pool kõigist viinamarjaistandustest , on Suur-Alföld .
Pinnas on seal enamasti liivane ja sademed jaotuvad ebaühtlaselt , siiski on viinamarjakasvatus olnud sealsete põlluharijate alaliseks sissetulekuallikaks juba sajandeid .
Domineerivad rahvusvaheliselt tuntud viinamarjasordid ( millest veinitootjad mujal on siiski paremaid tulemusi saanud , kuigi ega ungarlastegi laitmiseks põhjust ole ) .
Enim kasvatatavad kohalikud sordid on Kadarka , millest saab kerget punast veini , ja Olasz Riesling .
Viimane pole küll see Riesling , mida laialdaselt Moseli ja Rheini orgudes viljeldakse , kus temast saab nii värsket lillebuketti meenutavat igapäevaveini kui ka rasket , magusat dessertveini .
Kuigi Olasz Rieslingi lõhna on võrreldud reseeda õitega , peavad asjatundjad tema maitset tuimaks .
Chardonnay ' kõrval on Olasz Riesling siiski üks enim kasvatatud viinamarju ja armastatumaid veine Ungaris , samuti on ta tähtis kohaliku vahuveini toorainena .
Doonaust läände jääb Kisalföld ehk väike madalik , mis on tuntud seal küpsenud kergete punaveinide ( Merlot , Pinot noir ) poolest .
Iseäranis Soproni Kékfrankos on piirkonna kuulsaks teinud .
Kahe eelnimetatud ala vahele jääb veel mitu tuntud veinipiirkonda .
Neist kuulsaim on ehk Balatoni ääres asuv Badacsony , kus valmivad Szürkebarát ehk Pinot Gris ja Kíknyelü on vürtsikad ja aromaatsed peened kuivad valged veinid , mida peetakse ka enim sobivaks ungari teravamaitseliste toitude juurde .
Balatonist kagusse jäävad Szekeszárdi ja Villány-Siklósi istandused , mille on kuulsaks teinud Kadarka viinamari .
Ungari Kadarka küpseb hilja ning kipub mädanema , mistõttu nõuab põllupidajatelt suurt hoolt .
Küps Kadarka vein on aga särav , rubiinivärvi vürtsikas jook , milles happe- ja parkainesisaldus on tasakaalus , muutes ta meeldivalt sametiseks .
Kadarka kasvatamise vaev tasuvat end ära , ning räägitakse , et kõige paremat veini saab just kohalikest veinikeldreist , mitte eksportpartiidest .
See õrn-särav keelekaste on inspireerinud ka Ferenc Liszti , kes omakorda Kadarkat kroonitud peadelegi soovitanud , ning Franz Schubertit , kes väidetavalt Kadarkast innustunult kirjutanud oma kuulsa klaveriteose “ Forellide kvintett ” ( jälle üks näide sellest , et mitte alati ei pea kala juurde sobima valge vein ) .Madjarite visiitkaartUngari põhjaosaski on kolm kuulsat veinipiirkonda , mille toodang on tuntud just eksportartiklina ehk soome-ugri veinimeistrite visiitkaardina maailmas .
Mátra lõunanõlvadel kasvab Debrö Hárslevelü .
See on ekspertide arvates üks huvitavamaid siiani säilinud vanu Ungari viinamarjasorte , millest saab säravat rohekas-kollast veini , mis klaasis õlijalt liigub ning milles kõik omadused on tasakaalus .
Eger on Härja Vere ehk Egri Bikavéri sünnikoht .
Tegelikult valmistatakse selle nime all tuntud punast veini mitmest marjasordist .
Kunagi domineeris selles Kadarka , nüüd Kékfrankos , millele omakorda lisatakse teisi sorte .
Egri Bikavér on ehk kõige populaarsem hõimuvendade vein ( kuigi on ka paremaid ) , mille võlu on kindlasti seotud mitmete legendidega .
Nii olevat Egeri kindluse piiramisel ungarlased saavutanud võidu just tänu sellele rüüpele , mis nende habemed ja särgid punaseks värvinud , mistõttu türklased madjareid kui iseäranis verejanulisi võitlejaid kartma hakanud .Tilkhaaval kogutudNii nagu degusteerimisel ikka , jäetakse viimaseks kõige suurepärasema lõhna- ja maitsebuketiga jook .
Ungari veinidest sobib selleks tokai .
Üheks maailma parimaks veiniks peetavat tokaid valmistatakse mägede rüpes uduse Bodrogi jõe kallastel kasvavaist viinamarjadest Kollane Muskaat , Hárslevelü ja Furmint .
Pika sooja ning niiske sügise jooksul areneb viinamarjadel nn. noobel mädanik ehk seen nimega Botrytis cinerea , mis marjade mahla kuldseks aromaatseks nektariks muudab .
Tokai klassifikatsiooni järgi on Tokaji Szamorodni rosinamaitseline , sageli kõrge happelisusega põhivein .
Huvitavamaks muutub vein , kui ta kannab nime Tokaji Aszú .
Seletuseks olgu öeldud , et aszú on pasta , mida valmistatakse üleküpsenud ja mädanikuga nakatunud viinamarjadest .
Pastat hoitakse põhiveinist eraldi ning lisatakse jao kaupa fermentatsiooniperioodil .
Umbes 35 liitri suurune ämbritäis pastat on üks puttonyo ja pudelisiltidelt võib lugeda , et valmistatakse 3 , 4 , 5 , harvem ka 6 puttonyo Tokaji Aszút .
Niisugune gradatsioon näitab , et põhiveini 140 liitrile on lisatud kas 3x35 , 4x35 , 5x35 või 6x35 liitrit pastat .
Pärast aszú lisamist lastakse tokail vananeda punnita tammevaatides , kus veini pinnale tekib seen , mis hiljem joogile ( sarnaselt errile ) iseloomuliku kirbe maitse annab .
Mida suurem on aszú sisaldus , seda täidlasem vein ning seda paremini on selles happesus ja magusus tasakaalus .
Maailma veinioksjonitele meelitab kliente aga Tokaji Essencia valmistatud peaaegu et tilk tilga haaval kogutud kuldsest siirupitaolisest nektarist , mis eraldub veel pastaks purustamata üleküpsetest viinamarjadest .
HEDI KOLK ( 1958 ) on filoloog , innustust saanud Tartu Veiniklubist ."
"meedik HARRI JÄNESKeemilise sünteesi teel saadud vitamiinid on täiesti võrdväärsed looduslikes toiduainetes esinevatega .
Nende keemilised omadused ja toime organismisse ei erine .
Sellest hoolimata soovitatakse vitamiinivajadust rahuldada eeskätt otstarbekalt valitud toidu , mitte apteegipreparaatidega .
Põhjusi on mitu .
Looduslikes toiduainetes ei esine vitamiinid üksikult , vaid kompleksselt , koos teistega .
Nii leiduvad piimas , väga väärtuslikus toiduaines , kõik vajalikud vitamiinid .
See on oluline , sest tavaliselt tekibki üheaegselt mitme vitamiini puudus .
Seda võib ette tulla näiteks pärast raske haiguse põdemist , raseduse ja imetamise ajal , lastel kiire kasvu perioodil , intensiivse sportliku treeningu mõjul jne .
Looduslikke vitamiinikomplekse saab asendada multivitamiinipreparaatidega , milles on 10 või rohkem vitamiini , tihti lisaks veel olulisemaid mineraalaineid ja mikroelemente .
Kuid enne nende kasutamist tuleb vaadata , mida nad sisaldavad ja kuidas neid tarvitada .
Toiduainetes on vitamiinid koos põhitoitainetega - valkude , lipiidide ja sahhariididega .
Vitamiinipreparaatide kasutamine on kõige tõhusam sel juhul , kui igapäevane toit sisaldab piisavalt täisväärtuslikku valku .
Kui loomseid valke ei ole küllaldaselt , siis langeb tunduvalt vees lahustuvate vitamiinide ( kogu B-rühma , C , H , P , folatsiini ) kasutegur .
Nende eritumine organismist suureneb ja osatähtsus ainevahetuses väheneb .
See tähendab , et ka sünteetiliste vitamiinide tarvitamisel peab korralikult toituma ."
"meedik HARRI JÄNESEsimene nn. täiendtoitaine ( nüüd teame , et see oli B 1 - vitamiin ehk tiamiin ) elemendianalüüs näitas suurt lämmastiku sisaldust .
Selle põhjal sai kogu toimeainerühm nimetuseks vitamiinid ( lad . vita - elu + amiin ) .
Tegemist oli enneaegse ristimisega - peatselt selgus , et kõik vitamiinid pole keemiliselt hoopiski amiinid .
Kuid nimi oli pandud ja nii on see ka jäänud .
Kas ainel on organismi seisukohalt vitamiini tähendus või mitte , oleneb loomaliigist .
Näiteks vitamiin C ei ole vitamiin koera jaoks , kelle organism seda sünteesib , kuid inimene sõltub täielikult toidu askorbiinhappe sisaldusest .
Vitamiinide märgistamisel tähestiku järgi on ajalooline tagapõhi .
1915. aastal eraldati USAs toidust rasvas lahustuv komponent , mis märgistati tähega A , ja seejärel teine , vees lahustuv koostisosa , mis sai tunnuseks järgmise tähe - B. Hiljem isoleeriti vesilahusest veel mitu vitamiini , mis tähistati avastamise järjekorras B 1 , B 2 jne .
Seega on B-rühmas tegemist keemiliselt ja bioloogiliselt toimelt erinevate vitamiinidega , mis ei saa üksteist asendada .
Teistlaadne on lugu rasvas lahustuva A- , D- , E- , ja K-vitamiiniga .
Nende puhul tähendab number A 1 , A 2 või D 1 , D 2 jne . , et need on analoogilise keemilise ehitusega vitamiinid , mis võivad üksteist asendada .
Tähtede ja lisanumbritega tähistamise süsteem võib segadust tekitada , mistõttu üha enam on hakatud kasutama vitamiinide keemilisi nimetusi , tihti küll lühendatult .
Nii on teada-tuntud vitamiin C askorbiinhape , B 1 - vitamiin tiamiin , B 2 - vitamiin riboflaviin , H-vitamiin biotiin jne .
Mõni vitamiin on jäänud ilma tähestikutäheta .
Selliseks on näiteks B-rühma vitamiinide hulka kuuluv foolhape ehk folatsiin , mis kaitseb emaüsas kasvavat last ."
